-0.185485,-0.595797,0.0133391
0.00794997,-0.589386,0.0239477
0.141085,-0.582408,-0.0534627
0.146369,-0.581171,0.0116784
0.00198623,2.02038,0.0303025
1.43057,1.31774,-1.81506
1.43033,1.4214,-1.81547
1.65535,1.44266,-1.99923
1.67571,1.53627,-1.99746
0.981942,-0.413714,-1.46287
1.01276,-0.484247,-1.46656
1.03563,-0.431544,-1.46808
0.992633,-0.317561,-1.46292
1.0479,-0.342201,-1.4664
1.00669,-0.240815,-1.46384
1.02202,-0.150419,-1.46385
1.01562,-0.0621697,-1.46329
0.98245,0.0287396,-1.45781
0.992551,0.139327,-1.45922
1.04717,0.0401762,-1.46198
1.05317,0.157764,-1.46094
0.981326,0.24761,-1.45588
0.991765,0.322962,-1.45831
1.04792,0.250435,-1.45971
1.04888,0.355206,-1.45817
0.987249,0.404106,-1.45479
1.02828,0.46191,-1.4567
1.02583,0.557194,-1.45501
1.10945,-0.449325,-1.46757
1.20663,-0.45165,-1.4711
1.11424,-0.370991,-1.46788
1.09319,-0.259424,-1.46522
1.1981,-0.336674,-1.46977
1.17885,-0.24558,-1.46925
1.26019,-0.410457,-1.47524
1.26265,-0.237095,-1.47483
1.34477,-0.449728,-1.30951
1.43157,-0.444884,-1.31601
1.34866,-0.362673,-1.30834
1.33578,-0.268731,-1.30859
1.42122,-0.348688,-1.31627
1.41042,-0.249351,-1.31807
1.48239,-0.428152,-1.31397
1.60016,-0.425338,-1.12763
1.48313,-0.342654,-1.3135
1.57658,-0.32601,-1.1297
1.47944,-0.24144,-1.31589
1.66351,-0.341852,-1.12398
1.5778,-0.253722,-1.13199
1.69944,-0.433738,-1.12263
1.74171,-0.354306,-1.12024
1.71049,-0.246136,-1.12325
1.83826,-0.419037,-0.921726
1.86497,-0.240302,-0.91966
1.11602,-0.16528,-1.46357
1.10559,-0.0533345,-1.46389
1.20834,-0.139103,-1.4693
1.20788,-0.0465727,-1.46776
1.12025,0.0536607,-1.46352
1.14561,0.136933,-1.46552
1.20417,0.0430919,-1.46641
1.2253,0.136456,-1.46569
1.28629,-0.131231,-1.30768
1.28757,-0.0106757,-1.30422
1.27465,0.0580709,-1.30342
1.26839,0.152894,-1.29843
1.34596,-0.162099,-1.30949
1.32551,-0.0592524,-1.31136
1.42802,-0.163818,-1.31865
1.40062,-0.0686312,-1.31477
1.32849,0.136313,-1.30997
1.38205,0.0350415,-1.31207
1.39906,0.145691,-1.31155
1.11654,0.245349,-1.46125
1.1299,0.360041,-1.46183
1.193,0.22434,-1.46495
1.21074,0.332276,-1.46388
1.12679,0.469185,-1.45978
1.12392,0.546619,-1.4596
1.20805,0.43446,-1.46293
1.21011,0.530882,-1.46269
1.24572,0.257075,-1.46662
1.27558,0.249147,-1.30374
1.2725,0.323112,-1.29963
1.28284,0.429738,-1.3028
1.34182,0.238912,-1.30722
1.326,0.347552,-1.30748
1.42602,0.22114,-1.31388
1.40699,0.346418,-1.31229
1.34617,0.437037,-1.30479
1.32996,0.531311,-1.30469
1.41491,0.427856,-1.31054
1.41147,0.540384,-1.31124
1.48457,-0.14145,-1.31479
1.47234,-0.0667564,-1.31573
1.59844,-0.125866,-1.13024
1.59492,-0.0435783,-1.13007
1.46997,0.0196799,-1.31626
1.5436,0.0421451,-1.13107
1.46657,0.114628,-1.31477
1.56839,0.113004,-1.13318
1.60665,0.174277,-1.12825
1.61981,0.0526455,-1.12765
1.71873,-0.149911,-1.12356
1.70611,-0.0446777,-1.12439
1.7065,0.061192,-1.12534
1.70268,0.155266,-1.12528
1.4714,0.266736,-1.31106
1.55196,0.231475,-1.13193
1.47029,0.357347,-1.31111
1.53753,0.314121,-1.13374
1.66328,0.251473,-1.12633
1.59472,0.38028,-1.12908
1.61674,0.296855,-1.12641
1.45237,0.468419,-1.3106
1.53163,0.452549,-1.12998
1.46235,0.557798,-1.31033
1.53629,0.544908,-1.13212
1.63311,0.458127,-1.12373
1.60259,0.532638,-1.12453
1.71223,0.254285,-1.12233
1.69733,0.360485,-1.12354
1.70832,0.456007,-1.11971
1.69789,0.566982,-1.12069
1.82778,-0.13569,-0.922129
1.82608,0.0406118,-0.92374
1.83684,0.163057,-0.925349
1.76605,0.196438,-0.924063
1.82916,0.241491,-0.924874
1.82043,0.371626,-0.923942
1.82763,0.448893,-0.926589
1.80717,0.524133,-0.92383
0.981019,0.664123,-1.45269
1.03537,0.648313,-1.45428
1.07433,0.697288,-1.45662
0.951001,0.797253,-1.43834
0.98874,0.911833,-1.45135
0.968335,1.08256,-1.44049
0.970954,1.1766,-1.43887
0.965981,1.29835,-1.43481
0.934122,0.741675,-0.740241
0.940477,0.759706,-0.57227
0.98251,0.721613,-0.574204
0.947126,0.819332,-0.568252
1.00143,0.832498,-0.564103
0.965376,1.4269,-1.43244
0.962458,1.51721,-1.42891
0.95598,1.64525,-1.42784
1.13737,0.62744,-1.45857
1.15278,0.680658,-1.46294
1.22408,0.611015,-1.46212
1.2222,0.693492,-1.46125
1.32801,0.611093,-1.30267
1.31203,0.691075,-1.3029
1.43169,0.615845,-1.30841
1.42487,0.682269,-1.3083
1.16945,1.05738,-1.63449
1.16645,1.15479,-1.63338
1.18857,1.2225,-1.62766
1.19175,1.27655,-1.62744
1.17914,1.33645,-1.62886
1.52323,0.614711,-1.12868
1.56356,0.695863,-1.12845
1.59508,0.610441,-1.12431
1.60871,0.684975,-1.12169
1.67952,0.656421,-1.12206
1.69528,0.713102,-1.11908
1.81897,0.592868,-0.923196
1.83425,0.6754,-0.919379
1.80294,0.71188,-0.921461
1.13548,1.55043,-1.62309
1.16211,1.42895,-1.62579
1.14695,1.76549,-1.61843
1.18101,1.62141,-1.62033
1.19318,1.72439,-1.62232
1.14667,1.83635,-1.61755
1.15534,1.90628,-1.61711
1.98016,-0.423918,-0.912883
1.89155,-0.386531,-0.917328
1.96938,-0.322463,-0.913393
1.96604,-0.213491,-0.915389
2.18596,-0.394109,-0.747229
1.88359,-0.158555,-0.917382
1.88459,-0.0319498,-0.919515
1.88889,0.0539396,-0.918412
1.88912,0.140103,-0.917151
2.15583,-0.156748,-0.748804
2.18576,-0.01658,-0.752269
2.17084,0.0887318,-0.754179
1.88751,0.262307,-0.916339
1.95992,0.327187,-0.918177
2.06614,0.283627,-0.74153
1.88937,0.420337,-0.917271
1.88415,0.536566,-0.917433
2.40963,0.0531948,-0.591133
2.41523,0.224678,-0.592558
1.8721,0.624345,-0.916481
1.88388,0.68938,-0.914526
