0.994591,-0.389295,-1.48988
0.993555,-0.389295,-1.48988
1.01088,-0.389295,-1.48988
1.0151,-0.389295,-1.48988
1.01549,-0.389295,-1.48988
1.0088,-0.389295,-1.48988
1.01495,-0.389295,-1.48988
1.01455,-0.389295,-1.48988
1.02999,-0.389295,-1.48988
1.02796,-0.389295,-1.48988
1.00654,-0.469981,-1.48907
1.01323,-0.469981,-1.48907
1.03105,-0.469981,-1.48907
1.02966,-0.469981,-1.48907
1.05081,-0.469981,-1.48907
1.04284,-0.469981,-1.48907
1.04678,-0.469981,-1.48907
1.05285,-0.469981,-1.48907
1.06694,-0.469981,-1.48907
1.06053,-0.469981,-1.48907
1.06675,-0.469981,-1.48907
1.06514,-0.469981,-1.48907
1.09235,-0.469981,-1.48907
1.08633,-0.469981,-1.48907
1.03177,-0.400344,-1.48877
1.03315,-0.400344,-1.48877
1.04731,-0.400344,-1.48877
1.04442,-0.400344,-1.48877
1.04597,-0.400344,-1.48877
1.05124,-0.400344,-1.48877
1.0612,-0.400344,-1.48877
1.06832,-0.400344,-1.48877
1.06197,-0.400344,-1.48877
1.06278,-0.400344,-1.48877
1.06968,-0.400344,-1.48877
1.09231,-0.400344,-1.48877
1.08852,-0.400344,-1.48877
1.08888,-0.400344,-1.48877
1.08973,-0.400344,-1.48877
1.09107,-0.400344,-1.48877
1.10765,-0.400344,-1.48877
1.11033,-0.400344,-1.48877
1.10776,-0.400344,-1.48877
0.98565,-0.310909,-1.48668
0.993135,-0.310909,-1.48668
1.00758,-0.310909,-1.48668
1.01243,-0.310909,-1.48668
1.01815,-0.310909,-1.48668
1.00972,-0.310909,-1.48668
1.03132,-0.310909,-1.48668
1.02691,-0.310909,-1.48668
1.03003,-0.310909,-1.48668
1.04025,-0.310909,-1.48668
0.997775,-0.238557,-1.48756
1.01499,-0.238557,-1.48756
1.01339,-0.238557,-1.48756
1.02729,-0.238557,-1.48756
1.02569,-0.238557,-1.48756
1.04271,-0.238557,-1.48756
1.0507,-0.238557,-1.48756
1.04432,-0.238557,-1.48756
1.06182,-0.238557,-1.48756
1.06644,-0.238557,-1.48756
1.05022,-0.309277,-1.48731
1.04768,-0.309277,-1.48731
1.06023,-0.309277,-1.48731
1.06586,-0.309277,-1.48731
1.06184,-0.309277,-1.48731
1.06224,-0.309277,-1.48731
1.06426,-0.309277,-1.48731
1.0611,-0.309277,-1.48731
1.09006,-0.309277,-1.48731
1.08257,-0.309277,-1.48731
1.09444,-0.309277,-1.48731
1.09192,-0.309277,-1.48731
1.09218,-0.309277,-1.48731
1.10575,-0.309277,-1.48731
1.10908,-0.309277,-1.48731
1.0278,-0.180308,-1.4842
1.03041,-0.180308,-1.4842
1.04788,-0.180308,-1.4842
1.03815,-0.180308,-1.4842
1.04747,-0.180308,-1.4842
1.04208,-0.180308,-1.4842
1.06246,-0.180308,-1.4842
1.06409,-0.180308,-1.4842
1.05823,-0.180308,-1.4842
1.0597,-0.180308,-1.4842
1.06393,-0.180308,-1.4842
1.06125,-0.180308,-1.4842
1.08959,-0.180308,-1.4842
1.08548,-0.180308,-1.4842
1.08821,-0.180308,-1.4842
1.08046,-0.180308,-1.4842
1.08997,-0.180308,-1.4842
1.08957,-0.180308,-1.4842
1.10805,-0.180308,-1.4842
1.10431,-0.180308,-1.4842
1.10282,-0.180308,-1.4842
1.11261,-0.465288,-1.48633
1.1054,-0.465288,-1.48633
1.11004,-0.465288,-1.48633
1.1255,-0.465288,-1.48633
1.12511,-0.465288,-1.48633
1.12867,-0.465288,-1.48633
1.12694,-0.465288,-1.48633
1.15094,-0.465288,-1.48633
1.14854,-0.465288,-1.48633
1.1433,-0.465288,-1.48633
1.16758,-0.465288,-1.48633
1.16181,-0.465288,-1.48633
1.18571,-0.465288,-1.48633
1.18586,-0.465288,-1.48633
1.12801,-0.407947,-1.48391
1.12725,-0.407947,-1.48391
1.12175,-0.407947,-1.48391
1.14556,-0.407947,-1.48391
1.14422,-0.407947,-1.48391
1.15101,-0.407947,-1.48391
1.14654,-0.407947,-1.48391
1.16716,-0.407947,-1.48391
1.16591,-0.407947,-1.48391
1.1616,-0.407947,-1.48391
1.16354,-0.407947,-1.48391
1.18651,-0.407947,-1.48391
1.18227,-0.407947,-1.48391
1.1841,-0.407947,-1.48391
1.18334,-0.407947,-1.48391
1.20912,-0.460427,-1.48028
1.22873,-0.460427,-1.48028
1.24964,-0.460427,-1.48028
1.2516,-0.460427,-1.48028
1.26907,-0.460427,-1.48028
1.26919,-0.460427,-1.48028
1.27045,-0.460427,-1.48028
1.2779,-0.460427,-1.48028
1.29728,-0.460427,-1.48028
1.29428,-0.460427,-1.48028
1.29116,-0.460427,-1.48028
1.21692,-0.392399,-1.48005
1.2098,-0.392399,-1.48005
1.20835,-0.392399,-1.48005
1.21413,-0.392399,-1.48005
1.21433,-0.392399,-1.48005
1.23326,-0.392399,-1.48005
1.231,-0.392399,-1.48005
1.24466,-0.392399,-1.48005
1.24631,-0.392399,-1.48005
1.25661,-0.392399,-1.48005
1.24997,-0.392399,-1.48005
1.27269,-0.392399,-1.48005
1.26988,-0.392399,-1.48005
1.26949,-0.392399,-1.48005
1.28665,-0.392399,-1.48005
1.28491,-0.392399,-1.48005
1.12756,-0.323764,-1.48212
1.12037,-0.323764,-1.48212
1.12792,-0.323764,-1.48212
1.12779,-0.323764,-1.48212
1.12346,-0.323764,-1.48212
1.14137,-0.323764,-1.48212
1.14438,-0.323764,-1.48212
1.14552,-0.323764,-1.48212
1.14718,-0.323764,-1.48212
1.14102,-0.323764,-1.48212
1.16472,-0.323764,-1.48212
1.16478,-0.323764,-1.48212
1.16176,-0.323764,-1.48212
1.16584,-0.323764,-1.48212
1.16098,-0.323764,-1.48212
1.18411,-0.323764,-1.48212
1.186,-0.323764,-1.48212
1.18417,-0.323764,-1.48212
1.18245,-0.323764,-1.48212
1.17932,-0.323764,-1.48212
1.20708,-0.323764,-1.48212
1.08982,-0.222852,-1.48097
1.10932,-0.222852,-1.48097
1.1257,-0.222852,-1.48097
1.12639,-0.222852,-1.48097
1.11874,-0.222852,-1.48097
1.11867,-0.222852,-1.48097
1.12325,-0.222852,-1.48097
1.13012,-0.222852,-1.48097
1.14111,-0.222852,-1.48097
1.14344,-0.222852,-1.48097
1.14518,-0.222852,-1.48097
1.16254,-0.222852,-1.48097
1.16813,-0.222852,-1.48097
1.16325,-0.222852,-1.48097
1.16762,-0.222852,-1.48097
1.18441,-0.222852,-1.48097
1.17788,-0.222852,-1.48097
1.18051,-0.222852,-1.48097
1.17654,-0.222852,-1.48097
1.21321,-0.301591,-1.4789
1.21026,-0.301591,-1.4789
1.21143,-0.301591,-1.4789
1.20612,-0.301591,-1.4789
1.23608,-0.301591,-1.4789
1.22979,-0.301591,-1.4789
1.22961,-0.301591,-1.4789
1.23183,-0.301591,-1.4789
1.23209,-0.301591,-1.4789
1.2501,-0.301591,-1.4789
1.24878,-0.301591,-1.4789
1.24357,-0.301591,-1.4789
1.25275,-0.301591,-1.4789
1.2486,-0.301591,-1.4789
1.27186,-0.301591,-1.4789
1.26388,-0.301591,-1.4789
1.2707,-0.301591,-1.4789
1.2698,-0.301591,-1.4789
1.27199,-0.301591,-1.4789
1.29237,-0.301591,-1.4789
1.28656,-0.301591,-1.4789
1.28769,-0.301591,-1.4789
1.28965,-0.301591,-1.4789
1.20812,-0.204153,-1.47833
1.2125,-0.204153,-1.47833
1.20752,-0.204153,-1.47833
1.21607,-0.204153,-1.47833
1.21214,-0.204153,-1.47833
1.21059,-0.204153,-1.47833
1.23287,-0.204153,-1.47833
1.22824,-0.204153,-1.47833
1.22904,-0.204153,-1.47833
1.22946,-0.204153,-1.47833
1.22853,-0.204153,-1.47833
1.25515,-0.204153,-1.47833
1.24997,-0.204153,-1.47833
1.2485,-0.204153,-1.47833
1.25137,-0.204153,-1.47833
1.26452,-0.204153,-1.47833
1.26427,-0.204153,-1.47833
1.28249,-0.204153,-1.47833
1.29058,-0.204153,-1.47833
1.28467,-0.204153,-1.47833
1.28253,-0.204153,-1.47833
1.29139,-0.301042,-1.27976
1.31264,-0.301042,-1.27976
1.31734,-0.301042,-1.27976
1.31826,-0.301042,-1.27976
1.30865,-0.301042,-1.27976
1.31213,-0.301042,-1.27976
1.32023,-0.301042,-1.27976
1.31295,-0.301042,-1.27976
1.31605,-0.301042,-1.27976
1.32187,-0.301042,-1.27976
1.3248,-0.301042,-1.27976
1.31778,-0.301042,-1.27976
1.34094,-0.301042,-1.27976
1.3124,-0.452526,-1.28491
1.31874,-0.452526,-1.28491
1.31538,-0.452526,-1.28491
1.31327,-0.452526,-1.28491
1.34648,-0.452526,-1.28491
1.35245,-0.452526,-1.28491
1.34192,-0.452526,-1.28491
1.37201,-0.452526,-1.28491
1.36587,-0.452526,-1.28491
1.36099,-0.452526,-1.28491
1.37212,-0.452526,-1.28491
1.38639,-0.452526,-1.28491
1.38937,-0.452526,-1.28491
1.38942,-0.452526,-1.28491
1.38582,-0.452526,-1.28491
1.40898,-0.452526,-1.28491
1.41697,-0.452526,-1.28491
1.40568,-0.452526,-1.28491
1.34658,-0.383779,-1.28541
1.34695,-0.383779,-1.28541
1.33882,-0.383779,-1.28541
1.36068,-0.383779,-1.28541
1.37071,-0.383779,-1.28541
1.36786,-0.383779,-1.28541
1.38209,-0.383779,-1.28541
1.39243,-0.383779,-1.28541
1.38421,-0.383779,-1.28541
1.38654,-0.383779,-1.28541
1.40817,-0.383779,-1.28541
1.41051,-0.383779,-1.28541
1.41216,-0.383779,-1.28541
1.44088,-0.455827,-1.28459
1.44706,-0.455827,-1.28459
1.44458,-0.455827,-1.28459
1.46599,-0.455827,-1.28459
1.46107,-0.455827,-1.28459
1.48537,-0.455827,-1.28459
1.48687,-0.455827,-1.28459
1.44446,-0.389054,-1.28634
1.43772,-0.389054,-1.28634
1.44604,-0.389054,-1.28634
1.44485,-0.389054,-1.28634
1.44281,-0.389054,-1.28634
1.46388,-0.389054,-1.28634
1.4622,-0.389054,-1.28634
1.4604,-0.389054,-1.28634
1.46696,-0.389054,-1.28634
1.34565,-0.308424,-1.28614
1.34878,-0.308424,-1.28614
1.34862,-0.308424,-1.28614
1.34836,-0.308424,-1.28614
1.36722,-0.308424,-1.28614
1.36576,-0.308424,-1.28614
1.36607,-0.308424,-1.28614
1.36215,-0.308424,-1.28614
1.38947,-0.308424,-1.28614
1.39302,-0.308424,-1.28614
1.38717,-0.308424,-1.28614
1.38406,-0.308424,-1.28614
1.39232,-0.308424,-1.28614
1.41083,-0.308424,-1.28614
1.40506,-0.308424,-1.28614
1.41576,-0.308424,-1.28614
1.40615,-0.308424,-1.28614
1.40581,-0.308424,-1.28614
1.40825,-0.308424,-1.28614
1.32472,-0.219648,-1.28676
1.3189,-0.219648,-1.28676
1.32002,-0.219648,-1.28676
1.35177,-0.219648,-1.28676
1.34412,-0.219648,-1.28676
1.3406,-0.219648,-1.28676
1.34478,-0.219648,-1.28676
1.34837,-0.219648,-1.28676
1.36881,-0.219648,-1.28676
1.36756,-0.219648,-1.28676
1.36893,-0.219648,-1.28676
1.37091,-0.219648,-1.28676
1.38181,-0.219648,-1.28676
1.38555,-0.219648,-1.28676
1.38632,-0.219648,-1.28676
1.39477,-0.219648,-1.28676
1.40697,-0.219648,-1.28676
1.44315,-0.291384,-1.28699
1.44473,-0.291384,-1.28699
1.44734,-0.291384,-1.28699
1.44619,-0.291384,-1.28699
1.46745,-0.291384,-1.28699
1.46005,-0.291384,-1.28699
1.46427,-0.291384,-1.28699
1.46249,-0.291384,-1.28699
1.46502,-0.291384,-1.28699
1.48777,-0.291384,-1.28699
1.48959,-0.291384,-1.28699
1.48908,-0.291384,-1.28699
1.41647,-0.209728,-1.28644
1.40945,-0.209728,-1.28644
1.4124,-0.209728,-1.28644
1.43906,-0.209728,-1.28644
1.43548,-0.209728,-1.28644
1.45453,-0.209728,-1.28644
1.44706,-0.209728,-1.28644
1.44461,-0.209728,-1.28644
1.44647,-0.209728,-1.28644
1.46524,-0.209728,-1.28644
1.45943,-0.209728,-1.28644
1.46902,-0.209728,-1.28644
1.46077,-0.209728,-1.28644
1.45831,-0.209728,-1.28644
1.4713,-0.209728,-1.28644
1.48473,-0.209728,-1.28644
1.48249,-0.209728,-1.28644
1.48532,-0.421843,-1.28006
1.51431,-0.421843,-1.28006
1.51648,-0.421843,-1.28006
1.50153,-0.421843,-1.28006
1.50914,-0.421843,-1.28006
1.53711,-0.421843,-1.28006
1.53255,-0.421843,-1.28006
1.53741,-0.421843,-1.28006
1.574,-0.376581,-1.10816
1.5675,-0.376581,-1.10816
1.60331,-0.376581,-1.10816
1.59815,-0.376581,-1.10816
1.59924,-0.376581,-1.10816
1.60024,-0.376581,-1.10816
1.62898,-0.376581,-1.10816
1.62733,-0.376581,-1.10816
1.59967,-0.42571,-1.10573
1.59889,-0.42571,-1.10573
1.60355,-0.42571,-1.10573
1.61782,-0.42571,-1.10573
1.63385,-0.42571,-1.10573
1.62577,-0.42571,-1.10573
1.61912,-0.42571,-1.10573
1.65017,-0.42571,-1.10573
1.65186,-0.42571,-1.10573
1.65906,-0.42571,-1.10573
1.65566,-0.42571,-1.10573
1.65454,-0.42571,-1.10573
1.65652,-0.42571,-1.10573
1.67872,-0.42571,-1.10573
1.68425,-0.42571,-1.10573
1.68479,-0.42571,-1.10573
1.68274,-0.42571,-1.10573
1.48601,-0.314396,-1.2812
1.48879,-0.314396,-1.2812
1.50987,-0.314396,-1.2812
1.5092,-0.314396,-1.2812
1.50991,-0.314396,-1.2812
1.51796,-0.314396,-1.2812
1.51172,-0.314396,-1.2812
1.50733,-0.314396,-1.2812
1.54622,-0.314396,-1.2812
1.54184,-0.314396,-1.2812
1.53507,-0.314396,-1.2812
1.53418,-0.314396,-1.2812
1.53411,-0.314396,-1.2812
1.53305,-0.314396,-1.2812
1.54123,-0.306555,-1.10909
1.53155,-0.306555,-1.10909
1.54797,-0.306555,-1.10909
1.53805,-0.306555,-1.10909
1.57562,-0.306555,-1.10909
1.57414,-0.306555,-1.10909
1.49058,-0.196668,-1.28318
1.48588,-0.196668,-1.28318
1.5192,-0.196668,-1.28318
1.51847,-0.196668,-1.28318
1.51537,-0.196668,-1.28318
1.51064,-0.196668,-1.28318
1.51332,-0.196668,-1.28318
1.53918,-0.196668,-1.28318
1.53595,-0.196668,-1.28318
1.53389,-0.196668,-1.28318
1.58561,-0.175554,-1.1126
1.60031,-0.175554,-1.1126
1.60747,-0.175554,-1.1126
1.60965,-0.175554,-1.1126
1.60359,-0.175554,-1.1126
1.60472,-0.175554,-1.1126
1.60415,-0.175554,-1.1126
1.63565,-0.175554,-1.1126
1.63786,-0.175554,-1.1126
1.63423,-0.175554,-1.1126
1.63712,-0.175554,-1.1126
1.59937,-0.314635,-1.10598
1.59594,-0.314635,-1.10598
1.60851,-0.314635,-1.10598
1.60402,-0.314635,-1.10598
1.63225,-0.314635,-1.10598
1.62492,-0.314635,-1.10598
1.63041,-0.314635,-1.10598
1.62523,-0.314635,-1.10598
1.62154,-0.314635,-1.10598
1.64945,-0.314635,-1.10598
1.65929,-0.314635,-1.10598
1.65276,-0.314635,-1.10598
1.6469,-0.314635,-1.10598
1.65618,-0.314635,-1.10598
1.67974,-0.314635,-1.10598
1.68151,-0.314635,-1.10598
1.6815,-0.314635,-1.10598
1.68329,-0.314635,-1.10598
1.60391,-0.22423,-1.10787
1.63236,-0.22423,-1.10787
1.63982,-0.22423,-1.10787
1.63168,-0.22423,-1.10787
1.65543,-0.22423,-1.10787
1.66132,-0.22423,-1.10787
1.6597,-0.22423,-1.10787
1.66043,-0.22423,-1.10787
1.64788,-0.22423,-1.10787
1.65656,-0.22423,-1.10787
1.68071,-0.22423,-1.10787
1.68676,-0.22423,-1.10787
1.68117,-0.22423,-1.10787
1.68863,-0.22423,-1.10787
1.68525,-0.22423,-1.10787
1.68504,-0.22423,-1.10787
1.68387,-0.22423,-1.10787
0.996211,-0.123593,-1.486
0.995005,-0.123593,-1.486
0.992757,-0.123593,-1.486
1.01343,-0.123593,-1.486
1.00887,-0.123593,-1.486
1.00949,-0.123593,-1.486
1.01005,-0.123593,-1.486
1.00998,-0.123593,-1.486
1.02945,-0.123593,-1.486
1.02619,-0.123593,-1.486
1.02507,-0.123593,-1.486
1.04337,-0.123593,-1.486
1.05096,-0.123593,-1.486
0.992903,-0.0237234,-1.4842
0.987578,-0.0237234,-1.4842
0.983844,-0.0237234,-1.4842
0.983379,-0.0237234,-1.4842
0.990979,-0.0237234,-1.4842
0.991305,-0.0237234,-1.4842
0.992647,-0.0237234,-1.4842
1.00766,-0.0237234,-1.4842
1.0095,-0.0237234,-1.4842
1.01127,-0.0237234,-1.4842
1.00799,-0.0237234,-1.4842
1.00465,-0.0237234,-1.4842
1.01402,-0.0729052,-1.48346
1.02724,-0.0729052,-1.48346
1.03134,-0.0729052,-1.48346
1.03155,-0.0729052,-1.48346
1.04572,-0.0729052,-1.48346
1.03888,-0.0729052,-1.48346
1.04664,-0.0729052,-1.48346
1.0436,-0.0729052,-1.48346
1.06307,-0.0729052,-1.48346
1.05979,-0.0729052,-1.48346
1.06149,-0.0729052,-1.48346
1.05719,-0.0729052,-1.48346
1.08427,-0.0729052,-1.48346
1.08985,-0.0729052,-1.48346
1.0849,-0.0729052,-1.48346
1.02743,0.00570552,-1.48258
1.02915,0.00570552,-1.48258
1.02799,0.00570552,-1.48258
1.02229,0.00570552,-1.48258
1.04326,0.00570552,-1.48258
1.04861,0.00570552,-1.48258
1.04417,0.00570552,-1.48258
1.04255,0.00570552,-1.48258
1.0591,0.00570552,-1.48258
1.06551,0.00570552,-1.48258
1.06036,0.00570552,-1.48258
1.06196,0.00570552,-1.48258
1.0652,0.00570552,-1.48258
1.08104,0.00570552,-1.48258
1.08812,0.00570552,-1.48258
1.08584,0.00570552,-1.48258
1.08406,0.00570552,-1.48258
1.08626,0.00570552,-1.48258
1.10217,0.00570552,-1.48258
0.989856,0.0840661,-1.48509
0.98485,0.0840661,-1.48509
0.992938,0.0840661,-1.48509
0.991742,0.0840661,-1.48509
1.00873,0.0840661,-1.48509
1.01218,0.0840661,-1.48509
1.01005,0.0840661,-1.48509
1.00564,0.0840661,-1.48509
1.02486,0.0840661,-1.48509
0.985269,0.174147,-1.48411
0.993694,0.174147,-1.48411
0.994433,0.174147,-1.48411
1.00942,0.174147,-1.48411
1.00267,0.174147,-1.48411
1.00739,0.174147,-1.48411
1.00984,0.174147,-1.48411
1.00781,0.174147,-1.48411
1.00901,0.174147,-1.48411
1.03056,0.174147,-1.48411
1.02316,0.174147,-1.48411
1.02794,0.174147,-1.48411
1.02874,0.174147,-1.48411
1.02613,0.174147,-1.48411
1.02734,0.174147,-1.48411
1.025,0.0992282,-1.48387
1.02563,0.0992282,-1.48387
1.04981,0.0992282,-1.48387
1.04156,0.0992282,-1.48387
1.04837,0.0992282,-1.48387
1.04798,0.0992282,-1.48387
1.04459,0.0992282,-1.48387
1.04394,0.0992282,-1.48387
1.06264,0.0992282,-1.48387
1.06114,0.0992282,-1.48387
1.06106,0.0992282,-1.48387
1.05954,0.0992282,-1.48387
1.09028,0.0992282,-1.48387
1.08949,0.0992282,-1.48387
1.08557,0.0992282,-1.48387
1.08215,0.0992282,-1.48387
1.09025,0.0992282,-1.48387
1.10482,0.0992282,-1.48387
1.10546,0.0992282,-1.48387
1.04986,0.184499,-1.48302
1.04862,0.184499,-1.48302
1.0494,0.184499,-1.48302
1.04787,0.184499,-1.48302
1.06369,0.184499,-1.48302
1.05897,0.184499,-1.48302
1.0602,0.184499,-1.48302
1.0861,0.184499,-1.48302
1.08418,0.184499,-1.48302
1.08393,0.184499,-1.48302
1.08944,0.184499,-1.48302
1.08498,0.184499,-1.48302
1.08267,0.184499,-1.48302
1.10125,0.184499,-1.48302
1.11102,0.184499,-1.48302
1.10665,0.184499,-1.48302
1.10805,0.184499,-1.48302
1.08446,-0.112182,-1.48277
1.08447,-0.112182,-1.48277
1.09021,-0.112182,-1.48277
1.10183,-0.112182,-1.48277
1.11073,-0.112182,-1.48277
1.10486,-0.112182,-1.48277
1.11055,-0.112182,-1.48277
1.10857,-0.112182,-1.48277
1.12507,-0.112182,-1.48277
1.12645,-0.112182,-1.48277
1.12893,-0.112182,-1.48277
1.1295,-0.112182,-1.48277
1.14529,-0.112182,-1.48277
1.1418,-0.112182,-1.48277
1.13516,-0.112182,-1.48277
1.14344,-0.112182,-1.48277
1.14381,-0.112182,-1.48277
1.16399,-0.112182,-1.48277
1.16108,-0.112182,-1.48277
1.16735,-0.112182,-1.48277
1.16153,-0.112182,-1.48277
1.17858,-0.112182,-1.48277
1.183,-0.112182,-1.48277
1.1804,-0.112182,-1.48277
1.11356,-0.00837536,-1.48175
1.10824,-0.00837536,-1.48175
1.11036,-0.00837536,-1.48175
1.10847,-0.00837536,-1.48175
1.12229,-0.00837536,-1.48175
1.12405,-0.00837536,-1.48175
1.12207,-0.00837536,-1.48175
1.12309,-0.00837536,-1.48175
1.14531,-0.00837536,-1.48175
1.14558,-0.00837536,-1.48175
1.14388,-0.00837536,-1.48175
1.14744,-0.00837536,-1.48175
1.14071,-0.00837536,-1.48175
1.1685,-0.00837536,-1.48175
1.16978,-0.00837536,-1.48175
1.16563,-0.00837536,-1.48175
1.16607,-0.00837536,-1.48175
1.17956,-0.00837536,-1.48175
1.17802,-0.00837536,-1.48175
1.18205,-0.00837536,-1.48175
1.17902,-0.00837536,-1.48175
1.17836,-0.00837536,-1.48175
1.17885,-0.00837536,-1.48175
1.18856,-0.104587,-1.47883
1.21144,-0.104587,-1.47883
1.20879,-0.104587,-1.47883
1.21157,-0.104587,-1.47883
1.20708,-0.104587,-1.47883
1.2106,-0.104587,-1.47883
1.23001,-0.104587,-1.47883
1.23144,-0.104587,-1.47883
1.22576,-0.104587,-1.47883
1.21932,-0.104587,-1.47883
1.23548,-0.104587,-1.47883
1.25351,-0.104587,-1.47883
1.25115,-0.104587,-1.47883
1.24987,-0.104587,-1.47883
1.25101,-0.104587,-1.47883
1.24569,-0.104587,-1.47883
1.27255,-0.104587,-1.47883
1.2657,-0.104587,-1.47883
1.26566,-0.104587,-1.47883
1.27324,-0.104587,-1.47883
1.26981,-0.104587,-1.47883
1.28594,-0.104587,-1.47883
1.20779,-0.00872263,-1.47745
1.20964,-0.00872263,-1.47745
1.21131,-0.00872263,-1.47745
1.20378,-0.00872263,-1.47745
1.20988,-0.00872263,-1.47745
1.23264,-0.00872263,-1.47745
1.22947,-0.00872263,-1.47745
1.22549,-0.00872263,-1.47745
1.22733,-0.00872263,-1.47745
1.22909,-0.00872263,-1.47745
1.24729,-0.00872263,-1.47745
1.25211,-0.00872263,-1.47745
1.24706,-0.00872263,-1.47745
1.24893,-0.00872263,-1.47745
1.26885,-0.00872263,-1.47745
1.26401,-0.00872263,-1.47745
1.27506,-0.00872263,-1.47745
1.26086,-0.00872263,-1.47745
1.29572,0.024618,-1.28103
1.29591,0.024618,-1.28103
1.29516,0.024618,-1.28103
1.29642,0.024618,-1.28103
1.29532,0.024618,-1.28103
1.29753,0.024618,-1.28103
1.12274,0.0931191,-1.47843
1.12045,0.0931191,-1.47843
1.12237,0.0931191,-1.47843
1.12791,0.0931191,-1.47843
1.14651,0.0931191,-1.47843
1.14081,0.0931191,-1.47843
1.14464,0.0931191,-1.47843
1.14057,0.0931191,-1.47843
1.14243,0.0931191,-1.47843
1.16358,0.0931191,-1.47843
1.16031,0.0931191,-1.47843
1.16741,0.0931191,-1.47843
1.16172,0.0931191,-1.47843
1.15562,0.0931191,-1.47843
1.16157,0.0931191,-1.47843
1.18386,0.0931191,-1.47843
1.17978,0.0931191,-1.47843
1.17874,0.0931191,-1.47843
1.17987,0.0931191,-1.47843
1.10243,0.20477,-1.47934
1.12625,0.20477,-1.47934
1.12361,0.20477,-1.47934
1.12621,0.20477,-1.47934
1.11756,0.20477,-1.47934
1.12463,0.20477,-1.47934
1.1448,0.20477,-1.47934
1.14443,0.20477,-1.47934
1.14973,0.20477,-1.47934
1.13983,0.20477,-1.47934
1.16432,0.20477,-1.47934
1.16448,0.20477,-1.47934
1.17837,0.20477,-1.47934
1.17624,0.20477,-1.47934
1.18014,0.20477,-1.47934
1.17572,0.20477,-1.47934
1.18028,0.20477,-1.47934
1.20857,0.0954557,-1.47626
1.20646,0.0954557,-1.47626
1.20223,0.0954557,-1.47626
1.20975,0.0954557,-1.47626
1.21033,0.0954557,-1.47626
1.22508,0.0954557,-1.47626
1.23989,0.0954557,-1.47626
1.2231,0.0954557,-1.47626
1.2302,0.0954557,-1.47626
1.22827,0.0954557,-1.47626
1.24824,0.0954557,-1.47626
1.24528,0.0954557,-1.47626
1.23969,0.0954557,-1.47626
1.24736,0.0954557,-1.47626
1.24922,0.0954557,-1.47626
1.26874,0.0954557,-1.47626
1.26695,0.0954557,-1.47626
1.26313,0.0954557,-1.47626
1.20666,0.196434,-1.47434
1.20655,0.196434,-1.47434
1.20987,0.196434,-1.47434
1.21061,0.196434,-1.47434
1.20443,0.196434,-1.47434
1.22361,0.196434,-1.47434
1.22256,0.196434,-1.47434
1.2234,0.196434,-1.47434
1.21977,0.196434,-1.47434
1.25085,0.196434,-1.47434
1.2485,0.196434,-1.47434
1.25061,0.196434,-1.47434
1.24819,0.196434,-1.47434
1.24315,0.196434,-1.47434
1.26384,0.196434,-1.47434
1.25886,0.196434,-1.47434
1.29077,0.178723,-1.28228
1.29346,0.178723,-1.28228
1.29395,0.178723,-1.28228
1.29855,0.178723,-1.28228
1.29814,0.178723,-1.28228
1.29426,0.178723,-1.28228
1.29566,0.178723,-1.28228
1.32386,0.178723,-1.28228
1.3172,0.178723,-1.28228
1.32534,0.178723,-1.28228
1.32692,0.178723,-1.28228
0.993422,0.261516,-1.48065
0.988447,0.261516,-1.48065
0.987981,0.261516,-1.48065
1.00572,0.261516,-1.48065
1.01048,0.261516,-1.48065
1.00536,0.261516,-1.48065
1.00399,0.261516,-1.48065
1.03067,0.261516,-1.48065
1.02794,0.261516,-1.48065
0.988822,0.353304,-1.48242
0.990461,0.353304,-1.48242
0.988163,0.353304,-1.48242
1.00804,0.353304,-1.48242
1.00487,0.353304,-1.48242
1.00915,0.353304,-1.48242
1.00685,0.353304,-1.48242
1.00703,0.353304,-1.48242
1.02528,0.353304,-1.48242
1.02686,0.353304,-1.48242
1.0289,0.353304,-1.48242
1.02417,0.290672,-1.4796
1.02939,0.290672,-1.4796
1.02411,0.290672,-1.4796
1.0479,0.290672,-1.4796
1.05109,0.290672,-1.4796
1.04545,0.290672,-1.4796
1.04909,0.290672,-1.4796
1.06069,0.290672,-1.4796
1.05714,0.290672,-1.4796
1.06071,0.290672,-1.4796
1.08373,0.290672,-1.4796
1.08143,0.290672,-1.4796
1.08699,0.290672,-1.4796
1.07971,0.290672,-1.4796
1.08378,0.290672,-1.4796
1.09942,0.290672,-1.4796
1.10202,0.290672,-1.4796
1.09865,0.290672,-1.4796
1.10003,0.290672,-1.4796
1.02649,0.391816,-1.48088
1.02945,0.391816,-1.48088
1.04222,0.391816,-1.48088
1.04254,0.391816,-1.48088
1.0515,0.391816,-1.48088
1.06071,0.391816,-1.48088
1.05942,0.391816,-1.48088
1.06197,0.391816,-1.48088
1.08486,0.391816,-1.48088
1.08235,0.391816,-1.48088
1.08208,0.391816,-1.48088
1.08342,0.391816,-1.48088
1.08129,0.391816,-1.48088
0.984055,0.454252,-1.48015
0.993693,0.454252,-1.48015
0.990383,0.454252,-1.48015
1.00974,0.454252,-1.48015
1.00767,0.454252,-1.48015
1.00981,0.454252,-1.48015
1.00225,0.454252,-1.48015
1.00476,0.454252,-1.48015
1.02633,0.454252,-1.48015
1.02857,0.454252,-1.48015
1.01881,0.454252,-1.48015
1.02359,0.454252,-1.48015
1.02409,0.454252,-1.48015
1.03803,0.454252,-1.48015
1.04904,0.454252,-1.48015
1.03882,0.454252,-1.48015
1.05792,0.454252,-1.48015
0.982391,0.53615,-1.47753
0.987526,0.53615,-1.47753
1.00133,0.53615,-1.47753
1.00365,0.53615,-1.47753
1.01116,0.53615,-1.47753
1.00274,0.53615,-1.47753
1.00314,0.53615,-1.47753
1.02183,0.53615,-1.47753
1.02184,0.53615,-1.47753
1.05003,0.493158,-1.47875
1.04825,0.493158,-1.47875
1.05921,0.493158,-1.47875
1.08383,0.493158,-1.47875
1.08282,0.493158,-1.47875
1.08538,0.493158,-1.47875
1.08449,0.493158,-1.47875
1.08849,0.493158,-1.47875
1.10031,0.493158,-1.47875
1.10012,0.493158,-1.47875
1.10327,0.493158,-1.47875
1.10731,0.493158,-1.47875
1.00231,0.582262,-1.47661
1.03077,0.582262,-1.47661
1.0283,0.582262,-1.47661
1.0484,0.582262,-1.47661
1.04894,0.582262,-1.47661
1.04684,0.582262,-1.47661
1.06719,0.582262,-1.47661
1.05302,0.582262,-1.47661
1.08462,0.582262,-1.47661
1.0784,0.582262,-1.47661
1.09033,0.582262,-1.47661
1.08829,0.582262,-1.47661
1.09858,0.582262,-1.47661
1.10575,0.296662,-1.47823
1.13123,0.296662,-1.47823
1.12315,0.296662,-1.47823
1.12152,0.296662,-1.47823
1.12382,0.296662,-1.47823
1.12823,0.296662,-1.47823
1.14611,0.296662,-1.47823
1.14025,0.296662,-1.47823
1.14315,0.296662,-1.47823
1.16013,0.296662,-1.47823
1.16383,0.296662,-1.47823
1.162,0.296662,-1.47823
1.16787,0.296662,-1.47823
1.18015,0.296662,-1.47823
1.17628,0.296662,-1.47823
1.18326,0.296662,-1.47823
1.17866,0.296662,-1.47823
1.10936,0.401272,-1.47562
1.10718,0.401272,-1.47562
1.10058,0.401272,-1.47562
1.10479,0.401272,-1.47562
1.09975,0.401272,-1.47562
1.11333,0.401272,-1.47562
1.12604,0.401272,-1.47562
1.12946,0.401272,-1.47562
1.12338,0.401272,-1.47562
1.11884,0.401272,-1.47562
1.12815,0.401272,-1.47562
1.14686,0.401272,-1.47562
1.14263,0.401272,-1.47562
1.14637,0.401272,-1.47562
1.15456,0.401272,-1.47562
1.15502,0.401272,-1.47562
1.1655,0.401272,-1.47562
1.16721,0.401272,-1.47562
1.17754,0.401272,-1.47562
1.20673,0.288933,-1.4742
1.20526,0.288933,-1.4742
1.20185,0.288933,-1.4742
1.21066,0.288933,-1.4742
1.2278,0.288933,-1.4742
1.22996,0.288933,-1.4742
1.22463,0.288933,-1.4742
1.22669,0.288933,-1.4742
1.21995,0.288933,-1.4742
1.24582,0.288933,-1.4742
1.24798,0.288933,-1.4742
1.24501,0.288933,-1.4742
1.2476,0.288933,-1.4742
1.26516,0.288933,-1.4742
1.26562,0.288933,-1.4742
1.28019,0.288933,-1.4742
1.17912,0.393599,-1.47484
1.17706,0.393599,-1.47484
1.17867,0.393599,-1.47484
1.20431,0.393599,-1.47484
1.21127,0.393599,-1.47484
1.20191,0.393599,-1.47484
1.19798,0.393599,-1.47484
1.20371,0.393599,-1.47484
1.20689,0.393599,-1.47484
1.22455,0.393599,-1.47484
1.2277,0.393599,-1.47484
1.22926,0.393599,-1.47484
1.22763,0.393599,-1.47484
1.22161,0.393599,-1.47484
1.24445,0.393599,-1.47484
1.24912,0.393599,-1.47484
1.24715,0.393599,-1.47484
1.24788,0.393599,-1.47484
1.12882,0.506422,-1.47456
1.12392,0.506422,-1.47456
1.12736,0.506422,-1.47456
1.14318,0.506422,-1.47456
1.13709,0.506422,-1.47456
1.16965,0.506422,-1.47456
1.16865,0.506422,-1.47456
1.16544,0.506422,-1.47456
1.15607,0.506422,-1.47456
1.15849,0.506422,-1.47456
1.17121,0.506422,-1.47456
1.18231,0.506422,-1.47456
1.17293,0.506422,-1.47456
1.10931,0.600331,-1.47313
1.10891,0.600331,-1.47313
1.12097,0.600331,-1.47313
1.13185,0.600331,-1.47313
1.14811,0.600331,-1.47313
1.13481,0.600331,-1.47313
1.13806,0.600331,-1.47313
1.14884,0.600331,-1.47313
1.15488,0.600331,-1.47313
1.17117,0.600331,-1.47313
1.15436,0.600331,-1.47313
1.15573,0.600331,-1.47313
1.17703,0.600331,-1.47313
1.17396,0.600331,-1.47313
1.17806,0.600331,-1.47313
1.17645,0.600331,-1.47313
1.1701,0.600331,-1.47313
1.20841,0.497109,-1.47393
1.20489,0.497109,-1.47393
1.20644,0.497109,-1.47393
1.20428,0.497109,-1.47393
1.20682,0.497109,-1.47393
1.22253,0.497109,-1.47393
1.22385,0.497109,-1.47393
1.22723,0.497109,-1.47393
1.22077,0.497109,-1.47393
1.2203,0.497109,-1.47393
1.24417,0.497109,-1.47393
1.2484,0.497109,-1.47393
1.24512,0.497109,-1.47393
1.2474,0.497109,-1.47393
1.24699,0.497109,-1.47393
1.17994,0.617051,-1.47363
1.20387,0.617051,-1.47363
1.2044,0.617051,-1.47363
1.20291,0.617051,-1.47363
1.20654,0.617051,-1.47363
1.20722,0.617051,-1.47363
1.20956,0.617051,-1.47363
1.20591,0.617051,-1.47363
1.2051,0.617051,-1.47363
1.22517,0.617051,-1.47363
1.22508,0.617051,-1.47363
1.22249,0.617051,-1.47363
1.22519,0.617051,-1.47363
1.22598,0.617051,-1.47363
1.2366,0.617051,-1.47363
1.24301,0.617051,-1.47363
1.2439,0.617051,-1.47363
1.2471,0.617051,-1.47363
1.24113,0.617051,-1.47363
1.30285,0.541539,-1.28505
1.30778,0.541539,-1.28505
1.29699,0.541539,-1.28505
1.32672,0.541539,-1.28505
1.31735,0.541539,-1.28505
1.32146,0.541539,-1.28505
1.32565,0.541539,-1.28505
1.34026,0.541539,-1.28505
1.34108,0.541539,-1.28505
1.33973,0.541539,-1.28505
1.36682,0.541539,-1.28505
1.32316,-0.143335,-1.28942
1.32621,-0.143335,-1.28942
1.33693,-0.143335,-1.28942
1.3306,-0.143335,-1.28942
1.34892,-0.143335,-1.28942
1.35057,-0.143335,-1.28942
1.34857,-0.143335,-1.28942
1.36419,-0.143335,-1.28942
1.37314,-0.143335,-1.28942
1.37123,-0.143335,-1.28942
1.39451,-0.143335,-1.28942
1.38836,-0.143335,-1.28942
1.38514,-0.143335,-1.28942
1.40662,-0.143335,-1.28942
1.41099,-0.143335,-1.28942
1.32797,-0.0318605,-1.28746
1.33043,-0.0318605,-1.28746
1.32685,-0.0318605,-1.28746
1.3245,-0.0318605,-1.28746
1.32799,-0.0318605,-1.28746
1.34623,-0.0318605,-1.28746
1.34739,-0.0318605,-1.28746
1.34488,-0.0318605,-1.28746
1.34806,-0.0318605,-1.28746
1.34533,-0.0318605,-1.28746
1.35171,-0.0318605,-1.28746
1.36831,-0.0318605,-1.28746
1.36661,-0.0318605,-1.28746
1.372,-0.0318605,-1.28746
1.36649,-0.0318605,-1.28746
1.36304,-0.0318605,-1.28746
1.37029,-0.0318605,-1.28746
1.36448,-0.0318605,-1.28746
1.39148,-0.0318605,-1.28746
1.38469,-0.0318605,-1.28746
1.39375,-0.0318605,-1.28746
1.38602,-0.0318605,-1.28746
1.38841,-0.0318605,-1.28746
1.38763,-0.0318605,-1.28746
1.4123,-0.0318605,-1.28746
1.41496,-0.0318605,-1.28746
1.40801,-0.0318605,-1.28746
1.40432,-0.0318605,-1.28746
1.40336,-0.0318605,-1.28746
1.41135,-0.0318605,-1.28746
1.44528,-0.104888,-1.28781
1.44545,-0.104888,-1.28781
1.44109,-0.104888,-1.28781
1.44621,-0.104888,-1.28781
1.44606,-0.104888,-1.28781
1.44506,-0.104888,-1.28781
1.4676,-0.104888,-1.28781
1.46219,-0.104888,-1.28781
1.46735,-0.104888,-1.28781
1.46201,-0.104888,-1.28781
1.46546,-0.104888,-1.28781
1.44395,-0.0124147,-1.28516
1.44348,-0.0124147,-1.28516
1.44143,-0.0124147,-1.28516
1.44,-0.0124147,-1.28516
1.44069,-0.0124147,-1.28516
1.4651,-0.0124147,-1.28516
1.46165,-0.0124147,-1.28516
1.46404,-0.0124147,-1.28516
1.45964,-0.0124147,-1.28516
1.46404,-0.0124147,-1.28516
1.48279,-0.0124147,-1.28516
1.48949,-0.0124147,-1.28516
1.32643,0.0708011,-1.28723
1.32193,0.0708011,-1.28723
1.32938,0.0708011,-1.28723
1.33178,0.0708011,-1.28723
1.32699,0.0708011,-1.28723
1.32423,0.0708011,-1.28723
1.34442,0.0708011,-1.28723
1.34488,0.0708011,-1.28723
1.34338,0.0708011,-1.28723
1.36421,0.0708011,-1.28723
1.34576,0.0708011,-1.28723
1.36937,0.0708011,-1.28723
1.36768,0.0708011,-1.28723
1.36157,0.0708011,-1.28723
1.38602,0.0708011,-1.28723
1.39212,0.0708011,-1.28723
1.38495,0.0708011,-1.28723
1.39381,0.0708011,-1.28723
1.38663,0.0708011,-1.28723
1.41412,0.0708011,-1.28723
1.40856,0.0708011,-1.28723
1.40791,0.0708011,-1.28723
1.41464,0.0708011,-1.28723
1.40155,0.0708011,-1.28723
1.32627,0.171794,-1.28416
1.35213,0.171794,-1.28416
1.33705,0.171794,-1.28416
1.34181,0.171794,-1.28416
1.34432,0.171794,-1.28416
1.34744,0.171794,-1.28416
1.34446,0.171794,-1.28416
1.36635,0.171794,-1.28416
1.36405,0.171794,-1.28416
1.35664,0.171794,-1.28416
1.36464,0.171794,-1.28416
1.36899,0.171794,-1.28416
1.38868,0.171794,-1.28416
1.38257,0.171794,-1.28416
1.37644,0.171794,-1.28416
1.38538,0.171794,-1.28416
1.38627,0.171794,-1.28416
1.40545,0.171794,-1.28416
1.40839,0.171794,-1.28416
1.40512,0.171794,-1.28416
1.40974,0.171794,-1.28416
1.4048,0.171794,-1.28416
1.44274,0.0634437,-1.28721
1.44414,0.0634437,-1.28721
1.43941,0.0634437,-1.28721
1.4499,0.0634437,-1.28721
1.43888,0.0634437,-1.28721
1.46091,0.0634437,-1.28721
1.46064,0.0634437,-1.28721
1.47005,0.0634437,-1.28721
1.49831,0.0634437,-1.28721
1.49204,0.0634437,-1.28721
1.48791,0.0634437,-1.28721
1.44012,0.189665,-1.28366
1.43396,0.189665,-1.28366
1.43947,0.189665,-1.28366
1.44339,0.189665,-1.28366
1.44205,0.189665,-1.28366
1.44354,0.189665,-1.28366
1.45944,0.189665,-1.28366
1.45905,0.189665,-1.28366
1.46089,0.189665,-1.28366
1.49051,-0.110151,-1.28142
1.48834,-0.110151,-1.28142
1.48831,-0.110151,-1.28142
1.48367,-0.110151,-1.28142
1.51223,-0.110151,-1.28142
1.50634,-0.110151,-1.28142
1.51149,-0.110151,-1.28142
1.53995,-0.110151,-1.28142
1.53169,-0.110151,-1.28142
1.5309,-0.110151,-1.28142
1.54065,-0.110151,-1.28142
1.48866,-0.0313535,-1.28302
1.49518,-0.0313535,-1.28302
1.49098,-0.0313535,-1.28302
1.51767,-0.0313535,-1.28302
1.50737,-0.0313535,-1.28302
1.51358,-0.0313535,-1.28302
1.51288,-0.0313535,-1.28302
1.50754,-0.0313535,-1.28302
1.53432,-0.0313535,-1.28302
1.53804,-0.0313535,-1.28302
1.57587,-0.0546319,-1.10936
1.57235,-0.0546319,-1.10936
1.57114,-0.0546319,-1.10936
1.57678,-0.0546319,-1.10936
1.6017,-0.0546319,-1.10936
1.60235,-0.0546319,-1.10936
1.59229,-0.0546319,-1.10936
1.59107,-0.0546319,-1.10936
1.60694,-0.0546319,-1.10936
1.60465,-0.0546319,-1.10936
1.6303,-0.0546319,-1.10936
1.63087,-0.0546319,-1.10936
1.62585,-0.10944,-1.10816
1.62745,-0.10944,-1.10816
1.63057,-0.10944,-1.10816
1.65526,-0.10944,-1.10816
1.66125,-0.10944,-1.10816
1.65887,-0.10944,-1.10816
1.65885,-0.10944,-1.10816
1.66117,-0.10944,-1.10816
1.66338,-0.10944,-1.10816
1.68175,-0.10944,-1.10816
1.68778,-0.10944,-1.10816
1.68043,-0.10944,-1.10816
1.69036,-0.10944,-1.10816
1.69188,-0.10944,-1.10816
1.68663,-0.10944,-1.10816
1.62382,-0.00132284,-1.10815
1.63208,-0.00132284,-1.10815
1.6271,-0.00132284,-1.10815
1.66066,-0.00132284,-1.10815
1.66018,-0.00132284,-1.10815
1.66106,-0.00132284,-1.10815
1.6676,-0.00132284,-1.10815
1.65752,-0.00132284,-1.10815
1.68723,-0.00132284,-1.10815
1.68591,-0.00132284,-1.10815
1.68348,-0.00132284,-1.10815
1.68508,-0.00132284,-1.10815
1.68489,-0.00132284,-1.10815
1.44398,0.125353,-1.28448
1.46958,0.125353,-1.28448
1.46665,0.125353,-1.28448
1.46064,0.125353,-1.28448
1.4664,0.125353,-1.28448
1.4861,0.125353,-1.28448
1.48453,0.125353,-1.28448
1.49256,0.125353,-1.28448
1.50545,0.125353,-1.28448
1.51464,0.125353,-1.28448
1.51015,0.125353,-1.28448
1.5176,0.125353,-1.28448
1.50836,0.125353,-1.28448
1.58009,0.0649397,-1.1102
1.57609,0.0649397,-1.1102
1.59888,0.0649397,-1.1102
1.61093,0.0649397,-1.1102
1.59188,0.0649397,-1.1102
1.6071,0.0649397,-1.1102
1.60251,0.0649397,-1.1102
1.62856,0.0649397,-1.1102
1.63154,0.0649397,-1.1102
1.63044,0.0649397,-1.1102
1.4726,0.196275,-1.28297
1.49077,0.196275,-1.28297
1.48289,0.196275,-1.28297
1.49505,0.196275,-1.28297
1.48249,0.196275,-1.28297
1.50881,0.196275,-1.28297
1.5071,0.196275,-1.28297
1.51171,0.196275,-1.28297
1.53188,0.196275,-1.28297
1.57393,0.191869,-1.11088
1.57674,0.191869,-1.11088
1.57539,0.191869,-1.11088
1.58872,0.191869,-1.11088
1.57396,0.191869,-1.11088
1.6031,0.191869,-1.11088
1.59628,0.191869,-1.11088
1.60153,0.191869,-1.11088
1.60356,0.191869,-1.11088
1.63237,0.102322,-1.10673
1.62585,0.102322,-1.10673
1.62249,0.102322,-1.10673
1.66133,0.102322,-1.10673
1.65609,0.102322,-1.10673
1.66379,0.102322,-1.10673
1.64817,0.102322,-1.10673
1.65631,0.102322,-1.10673
1.67546,0.102322,-1.10673
1.68843,0.102322,-1.10673
1.6887,0.102322,-1.10673
1.68789,0.102322,-1.10673
1.68281,0.102322,-1.10673
1.63293,0.190605,-1.10714
1.62851,0.190605,-1.10714
1.64791,0.190605,-1.10714
1.62503,0.190605,-1.10714
1.62434,0.190605,-1.10714
1.62597,0.190605,-1.10714
1.65855,0.190605,-1.10714
1.65985,0.190605,-1.10714
1.65938,0.190605,-1.10714
1.65643,0.190605,-1.10714
1.68919,0.190605,-1.10714
1.67974,0.190605,-1.10714
1.68338,0.190605,-1.10714
1.69103,0.190605,-1.10714
1.68121,0.190605,-1.10714
1.29582,0.287327,-1.28467
1.30341,0.287327,-1.28467
1.30528,0.287327,-1.28467
1.3102,0.287327,-1.28467
1.3269,0.287327,-1.28467
1.31977,0.287327,-1.28467
1.32516,0.287327,-1.28467
1.32163,0.287327,-1.28467
1.33158,0.287327,-1.28467
1.31632,0.287327,-1.28467
1.34553,0.287327,-1.28467
1.34328,0.287327,-1.28467
1.34376,0.287327,-1.28467
1.33426,0.287327,-1.28467
1.35005,0.287327,-1.28467
1.3376,0.287327,-1.28467
1.36395,0.287327,-1.28467
1.36168,0.287327,-1.28467
1.36357,0.287327,-1.28467
1.36251,0.287327,-1.28467
1.36085,0.287327,-1.28467
1.37158,0.287327,-1.28467
1.30316,0.392905,-1.28677
1.30569,0.392905,-1.28677
1.30056,0.392905,-1.28677
1.30493,0.392905,-1.28677
1.3085,0.392905,-1.28677
1.32395,0.392905,-1.28677
1.3289,0.392905,-1.28677
1.32254,0.392905,-1.28677
1.32486,0.392905,-1.28677
1.34107,0.392905,-1.28677
1.34232,0.392905,-1.28677
1.34346,0.392905,-1.28677
1.341,0.392905,-1.28677
1.33636,0.392905,-1.28677
1.34134,0.392905,-1.28677
1.35922,0.392905,-1.28677
1.36599,0.392905,-1.28677
1.36781,0.392905,-1.28677
1.39064,0.276242,-1.28192
1.38699,0.276242,-1.28192
1.39115,0.276242,-1.28192
1.38227,0.276242,-1.28192
1.38836,0.276242,-1.28192
1.38216,0.276242,-1.28192
1.40776,0.276242,-1.28192
1.40653,0.276242,-1.28192
1.39965,0.276242,-1.28192
1.40638,0.276242,-1.28192
1.44199,0.276242,-1.28192
1.4279,0.276242,-1.28192
1.43784,0.276242,-1.28192
1.44901,0.276242,-1.28192
1.43774,0.276242,-1.28192
1.46045,0.276242,-1.28192
1.36503,0.380457,-1.2829
1.38305,0.380457,-1.2829
1.38582,0.380457,-1.2829
1.38705,0.380457,-1.2829
1.38888,0.380457,-1.2829
1.38502,0.380457,-1.2829
1.40435,0.380457,-1.2829
1.40642,0.380457,-1.2829
1.40191,0.380457,-1.2829
1.41233,0.380457,-1.2829
1.41045,0.380457,-1.2829
1.43905,0.380457,-1.2829
1.44894,0.380457,-1.2829
1.44887,0.380457,-1.2829
1.43004,0.380457,-1.2829
1.46332,0.380457,-1.2829
1.30339,0.477329,-1.28362
1.30691,0.477329,-1.28362
1.30188,0.477329,-1.28362
1.32776,0.477329,-1.28362
1.31943,0.477329,-1.28362
1.32746,0.477329,-1.28362
1.31827,0.477329,-1.28362
1.33858,0.477329,-1.28362
1.34055,0.477329,-1.28362
1.34241,0.477329,-1.28362
1.3352,0.477329,-1.28362
1.36099,0.477329,-1.28362
1.37059,0.477329,-1.28362
1.36155,0.477329,-1.28362
1.37055,0.477329,-1.28362
1.3665,0.477329,-1.28362
1.38306,0.477329,-1.28362
1.38428,0.477329,-1.28362
1.38422,0.477329,-1.28362
1.31783,0.592459,-1.27945
1.32955,0.592459,-1.27945
1.34167,0.592459,-1.27945
1.33705,0.592459,-1.27945
1.36946,0.592459,-1.27945
1.36048,0.592459,-1.27945
1.35544,0.592459,-1.27945
1.3553,0.592459,-1.27945
1.37653,0.592459,-1.27945
1.39928,0.490896,-1.27948
1.40632,0.490896,-1.27948
1.40614,0.490896,-1.27948
1.40373,0.490896,-1.27948
1.39839,0.490896,-1.27948
1.4035,0.490896,-1.27948
1.4354,0.490896,-1.27948
1.43603,0.490896,-1.27948
1.44685,0.490896,-1.27948
1.46382,0.490896,-1.27948
1.45564,0.490896,-1.27948
1.48492,0.490896,-1.27948
1.36055,0.600251,-1.27972
1.3921,0.600251,-1.27972
1.38966,0.600251,-1.27972
1.40426,0.600251,-1.27972
1.41329,0.600251,-1.27972
1.40091,0.600251,-1.27972
1.39786,0.600251,-1.27972
1.43218,0.600251,-1.27972
1.43561,0.600251,-1.27972
1.44563,0.600251,-1.27972
1.44133,0.600251,-1.27972
1.43281,0.600251,-1.27972
1.46117,0.600251,-1.27972
1.46134,0.600251,-1.27972
1.46755,0.263174,-1.28209
1.46302,0.263174,-1.28209
1.48622,0.263174,-1.28209
1.48314,0.263174,-1.28209
1.48737,0.263174,-1.28209
1.48199,0.263174,-1.28209
1.51245,0.263174,-1.28209
1.51607,0.263174,-1.28209
1.50534,0.263174,-1.28209
1.50775,0.263174,-1.28209
1.53543,0.263174,-1.28209
1.54889,0.293959,-1.11086
1.54551,0.293959,-1.11086
1.54876,0.293959,-1.11086
1.5506,0.293959,-1.11086
1.54677,0.293959,-1.11086
1.57538,0.293959,-1.11086
1.57014,0.293959,-1.11086
1.57289,0.293959,-1.11086
1.57472,0.293959,-1.11086
1.57642,0.293959,-1.11086
1.60102,0.293959,-1.11086
1.60079,0.293959,-1.11086
1.59722,0.293959,-1.11086
1.60077,0.293959,-1.11086
1.59133,0.293959,-1.11086
1.60427,0.293959,-1.11086
1.44128,0.349987,-1.28187
1.437,0.349987,-1.28187
1.46445,0.349987,-1.28187
1.46379,0.349987,-1.28187
1.45424,0.349987,-1.28187
1.45994,0.349987,-1.28187
1.48237,0.349987,-1.28187
1.4919,0.349987,-1.28187
1.48509,0.349987,-1.28187
1.48113,0.349987,-1.28187
1.50916,0.349987,-1.28187
1.5159,0.349987,-1.28187
1.50615,0.349987,-1.28187
1.50596,0.349987,-1.28187
1.54169,0.395644,-1.1095
1.57155,0.395644,-1.1095
1.56566,0.395644,-1.1095
1.58589,0.395644,-1.1095
1.57744,0.395644,-1.1095
1.57126,0.395644,-1.1095
1.60583,0.395644,-1.1095
1.59044,0.395644,-1.1095
1.59954,0.395644,-1.1095
1.59639,0.395644,-1.1095
1.59889,0.395644,-1.1095
1.62585,0.282132,-1.10481
1.6256,0.282132,-1.10481
1.62782,0.282132,-1.10481
1.62249,0.282132,-1.10481
1.65804,0.282132,-1.10481
1.65625,0.282132,-1.10481
1.64372,0.282132,-1.10481
1.66047,0.282132,-1.10481
1.65431,0.282132,-1.10481
1.68611,0.282132,-1.10481
1.68758,0.282132,-1.10481
1.68071,0.282132,-1.10481
1.67864,0.282132,-1.10481
1.68055,0.282132,-1.10481
1.67332,0.282132,-1.10481
1.62983,0.387459,-1.10522
1.62491,0.387459,-1.10522
1.62311,0.387459,-1.10522
1.63083,0.387459,-1.10522
1.63197,0.387459,-1.10522
1.62817,0.387459,-1.10522
1.65604,0.387459,-1.10522
1.65026,0.387459,-1.10522
1.64761,0.387459,-1.10522
1.66262,0.387459,-1.10522
1.65243,0.387459,-1.10522
1.64939,0.387459,-1.10522
1.68151,0.387459,-1.10522
1.68301,0.387459,-1.10522
1.68274,0.387459,-1.10522
1.67909,0.387459,-1.10522
1.68506,0.387459,-1.10522
1.67872,0.387459,-1.10522
1.4381,0.444525,-1.27902
1.43668,0.444525,-1.27902
1.46388,0.444525,-1.27902
1.44949,0.444525,-1.27902
1.45818,0.444525,-1.27902
1.48303,0.444525,-1.27902
1.48993,0.444525,-1.27902
1.47371,0.444525,-1.27902
1.48448,0.444525,-1.27902
1.50541,0.444525,-1.27902
1.51056,0.444525,-1.27902
1.54477,0.501119,-1.11008
1.55097,0.501119,-1.11008
1.54417,0.501119,-1.11008
1.57286,0.501119,-1.11008
1.57432,0.501119,-1.11008
1.56466,0.501119,-1.11008
1.57448,0.501119,-1.11008
1.57398,0.501119,-1.11008
1.57568,0.501119,-1.11008
1.59967,0.501119,-1.11008
1.59478,0.501119,-1.11008
1.60004,0.501119,-1.11008
1.60199,0.501119,-1.11008
1.60458,0.501119,-1.11008
1.59683,0.501119,-1.11008
1.4478,0.556262,-1.27885
1.46268,0.556262,-1.27885
1.45062,0.556262,-1.27885
1.46889,0.556262,-1.27885
1.48524,0.556262,-1.27885
1.48254,0.556262,-1.27885
1.47757,0.556262,-1.27885
1.48256,0.556262,-1.27885
1.48206,0.556262,-1.27885
1.51124,0.556262,-1.27885
1.50037,0.556262,-1.27885
1.51044,0.556262,-1.27885
1.50299,0.556262,-1.27885
1.54114,0.593695,-1.10665
1.53473,0.593695,-1.10665
1.54359,0.593695,-1.10665
1.54616,0.593695,-1.10665
1.55859,0.593695,-1.10665
1.56547,0.593695,-1.10665
1.56599,0.593695,-1.10665
1.571,0.593695,-1.10665
1.57047,0.593695,-1.10665
1.60306,0.593695,-1.10665
1.59274,0.593695,-1.10665
1.59633,0.593695,-1.10665
1.59821,0.593695,-1.10665
1.58912,0.593695,-1.10665
1.62665,0.484725,-1.10477
1.62181,0.484725,-1.10477
1.62164,0.484725,-1.10477
1.62451,0.484725,-1.10477
1.62485,0.484725,-1.10477
1.62348,0.484725,-1.10477
1.66231,0.484725,-1.10477
1.6614,0.484725,-1.10477
1.65635,0.484725,-1.10477
1.65359,0.484725,-1.10477
1.6499,0.484725,-1.10477
1.68116,0.484725,-1.10477
1.68507,0.484725,-1.10477
1.67414,0.484725,-1.10477
1.62986,0.588228,-1.10349
1.62269,0.588228,-1.10349
1.62192,0.588228,-1.10349
1.62008,0.588228,-1.10349
1.65087,0.588228,-1.10349
1.65803,0.588228,-1.10349
1.65077,0.588228,-1.10349
1.64814,0.588228,-1.10349
1.65168,0.588228,-1.10349
1.64642,0.588228,-1.10349
1.68621,0.588228,-1.10349
1.67626,0.588228,-1.10349
1.67977,0.588228,-1.10349
1.5415,0.0317335,-1.11018
1.53426,0.0317335,-1.11018
1.53921,0.0317335,-1.11018
1.57733,0.0317335,-1.11018
1.57646,0.0317335,-1.11018
1.57143,0.0317335,-1.11018
1.57377,0.0317335,-1.11018
1.57587,0.0317335,-1.11018
1.73263,-0.401544,-1.11458
1.73025,-0.401544,-1.11458
1.72691,-0.401544,-1.11458
1.72833,-0.401544,-1.11458
1.73346,-0.401544,-1.11458
1.73095,-0.401544,-1.11458
1.76382,-0.401544,-1.11458
1.76447,-0.401544,-1.11458
1.75509,-0.401544,-1.11458
1.7604,-0.401544,-1.11458
1.77055,-0.401544,-1.11458
1.76817,-0.401544,-1.11458
1.7376,-0.291442,-1.11577
1.72433,-0.291442,-1.11577
1.73319,-0.291442,-1.11577
1.73946,-0.291442,-1.11577
1.72823,-0.291442,-1.11577
1.73341,-0.291442,-1.11577
1.76463,-0.291442,-1.11577
1.76302,-0.291442,-1.11577
1.85742,-0.410923,-0.953109
1.86286,-0.410923,-0.953109
1.84604,-0.410923,-0.953109
1.86468,-0.410923,-0.953109
1.88835,-0.410923,-0.953109
1.89517,-0.410923,-0.953109
1.88705,-0.410923,-0.953109
1.88486,-0.410923,-0.953109
1.85884,-0.320383,-0.954652
1.85806,-0.320383,-0.954652
1.86151,-0.320383,-0.954652
1.86045,-0.320383,-0.954652
1.85837,-0.320383,-0.954652
1.86929,-0.320383,-0.954652
1.88601,-0.320383,-0.954652
1.90104,-0.320383,-0.954652
1.89051,-0.320383,-0.954652
1.88948,-0.320383,-0.954652
1.90676,-0.320383,-0.954652
1.894,-0.320383,-0.954652
1.91904,-0.320383,-0.954652
1.86517,-0.214455,-0.956787
1.85562,-0.214455,-0.956787
1.86087,-0.214455,-0.956787
1.86334,-0.214455,-0.956787
1.86832,-0.214455,-0.956787
1.89165,-0.214455,-0.956787
1.89885,-0.214455,-0.956787
1.89797,-0.214455,-0.956787
1.90136,-0.214455,-0.956787
1.90993,-0.214455,-0.956787
1.93339,-0.214455,-0.956787
1.93153,-0.405016,-0.947556
1.92271,-0.405016,-0.947556
1.91808,-0.405016,-0.947556
1.92294,-0.405016,-0.947556
1.93469,-0.405016,-0.947556
1.9572,-0.405016,-0.947556
1.95979,-0.405016,-0.947556
1.95871,-0.405016,-0.947556
1.96805,-0.405016,-0.947556
1.96579,-0.405016,-0.947556
1.95806,-0.405016,-0.947556
1.99815,-0.405016,-0.947556
2.00743,-0.405016,-0.947556
1.92963,-0.288917,-0.94862
1.9304,-0.288917,-0.94862
1.9319,-0.288917,-0.94862
1.92794,-0.288917,-0.94862
1.92826,-0.288917,-0.94862
1.92843,-0.288917,-0.94862
1.95901,-0.288917,-0.94862
1.97221,-0.288917,-0.94862
1.95957,-0.288917,-0.94862
1.95473,-0.288917,-0.94862
1.96841,-0.288917,-0.94862
1.95437,-0.288917,-0.94862
2.16598,-0.400986,-0.776675
2.15548,-0.400986,-0.776675
2.15772,-0.400986,-0.776675
2.21136,-0.400986,-0.776675
2.19534,-0.400986,-0.776675
2.20505,-0.400986,-0.776675
2.10214,-0.303674,-0.780492
2.11862,-0.303674,-0.780492
2.11738,-0.303674,-0.780492
2.11597,-0.303674,-0.780492
2.15059,-0.303674,-0.780492
2.15511,-0.303674,-0.780492
2.16598,-0.303674,-0.780492
2.15717,-0.303674,-0.780492
2.12089,-0.181781,-0.783726
2.11358,-0.181781,-0.783726
2.11892,-0.181781,-0.783726
2.12601,-0.181781,-0.783726
2.11338,-0.181781,-0.783726
2.11642,-0.181781,-0.783726
2.11652,-0.181781,-0.783726
2.16025,-0.181781,-0.783726
2.16833,-0.181781,-0.783726
2.12563,-0.231241,-0.778059
2.15562,-0.231241,-0.778059
2.16323,-0.231241,-0.778059
2.15856,-0.231241,-0.778059
2.21632,-0.231241,-0.778059
2.20905,-0.231241,-0.778059
2.19784,-0.231241,-0.778059
2.20144,-0.231241,-0.778059
2.37477,-0.296792,-0.587105
2.38443,-0.296792,-0.587105
2.38721,-0.296792,-0.587105
2.385,-0.296792,-0.587105
2.38453,-0.296792,-0.587105
2.39447,-0.296792,-0.587105
2.41101,-0.296792,-0.587105
1.73545,-0.123747,-1.11835
1.73251,-0.123747,-1.11835
1.7411,-0.123747,-1.11835
1.73124,-0.123747,-1.11835
1.73541,-0.123747,-1.11835
1.73945,-0.123747,-1.11835
1.7367,-0.123747,-1.11835
1.80362,-0.0537245,-0.948677
1.8026,-0.0537245,-0.948677
1.8032,-0.0537245,-0.948677
1.80735,-0.0537245,-0.948677
1.79013,-0.0537245,-0.948677
1.80339,-0.0537245,-0.948677
1.86964,-0.115919,-0.956851
1.85759,-0.115919,-0.956851
1.86216,-0.115919,-0.956851
1.86659,-0.115919,-0.956851
1.86735,-0.115919,-0.956851
1.86424,-0.115919,-0.956851
1.89445,-0.115919,-0.956851
1.88856,-0.115919,-0.956851
1.89848,-0.115919,-0.956851
1.90029,-0.115919,-0.956851
1.90106,-0.115919,-0.956851
1.89529,-0.115919,-0.956851
1.86527,-0.00559492,-0.955942
1.87344,-0.00559492,-0.955942
1.85935,-0.00559492,-0.955942
1.86282,-0.00559492,-0.955942
1.899,-0.00559492,-0.955942
1.89654,-0.00559492,-0.955942
1.89484,-0.00559492,-0.955942
1.90187,-0.00559492,-0.955942
1.90166,-0.00559492,-0.955942
1.93049,-0.00559492,-0.955942
1.93606,-0.00559492,-0.955942
1.93703,-0.00559492,-0.955942
1.9316,-0.00559492,-0.955942
1.79433,0.115272,-0.948069
1.80103,0.115272,-0.948069
1.79793,0.115272,-0.948069
1.80179,0.115272,-0.948069
1.79397,0.115272,-0.948069
1.80262,0.115272,-0.948069
1.79973,0.115272,-0.948069
1.80197,0.115272,-0.948069
1.81195,0.115272,-0.948069
1.86969,0.070401,-0.958198
1.87023,0.070401,-0.958198
1.86532,0.070401,-0.958198
1.8647,0.070401,-0.958198
1.86349,0.070401,-0.958198
1.89687,0.070401,-0.958198
1.86641,0.189969,-0.955138
1.86347,0.189969,-0.955138
1.86215,0.189969,-0.955138
1.8563,0.189969,-0.955138
1.86439,0.189969,-0.955138
1.85474,0.189969,-0.955138
1.8881,0.189969,-0.955138
1.93209,-0.108964,-0.95079
1.93421,-0.108964,-0.95079
1.93529,-0.108964,-0.95079
1.93087,-0.108964,-0.95079
1.91918,-0.108964,-0.95079
1.93677,-0.108964,-0.95079
1.94709,-0.108964,-0.95079
1.96472,-0.108964,-0.95079
1.95508,-0.108964,-0.95079
1.96497,-0.108964,-0.95079
1.967,-0.108964,-0.95079
1.97232,-0.108964,-0.95079
2.06657,0.0040957,-0.785423
2.08171,0.0040957,-0.785423
2.06222,0.0040957,-0.785423
2.12485,0.0040957,-0.785423
2.10689,0.0040957,-0.785423
2.11211,0.0040957,-0.785423
2.11437,0.0040957,-0.785423
2.12488,0.0040957,-0.785423
2.11469,0.0040957,-0.785423
2.12488,0.0040957,-0.785423
2.12932,0.0040957,-0.785423
2.11118,0.0040957,-0.785423
2.12463,0.0040957,-0.785423
2.12765,0.0040957,-0.785423
2.13798,0.0040957,-0.785423
1.90436,0.0901384,-0.956697
1.90905,0.0901384,-0.956697
1.90117,0.0901384,-0.956697
1.90558,0.0901384,-0.956697
1.93496,0.0901384,-0.956697
1.9337,0.0901384,-0.956697
1.93855,0.0901384,-0.956697
1.9388,0.0901384,-0.956697
1.93444,0.0901384,-0.956697
1.9442,0.0901384,-0.956697
1.90657,0.189449,-0.956018
1.89842,0.189449,-0.956018
1.90592,0.189449,-0.956018
1.93493,0.189449,-0.956018
1.93517,0.189449,-0.956018
1.92833,0.189449,-0.956018
1.94354,0.189449,-0.956018
2.07146,0.0756305,-0.781454
2.06564,0.0756305,-0.781454
2.05781,0.0756305,-0.781454
2.05075,0.0756305,-0.781454
2.06124,0.0756305,-0.781454
2.06318,0.0756305,-0.781454
2.07613,0.0756305,-0.781454
2.07683,0.199698,-0.784349
2.06251,0.199698,-0.784349
2.07033,0.199698,-0.784349
2.06778,0.199698,-0.784349
2.07435,0.199698,-0.784349
2.07519,0.199698,-0.784349
1.8069,0.32665,-0.948822
1.80431,0.32665,-0.948822
1.80145,0.32665,-0.948822
1.80547,0.32665,-0.948822
1.79541,0.32665,-0.948822
1.79741,0.32665,-0.948822
1.80534,0.32665,-0.948822
1.80184,0.32665,-0.948822
1.79907,0.32665,-0.948822
1.80674,0.32665,-0.948822
1.79944,0.32665,-0.948822
1.80042,0.32665,-0.948822
1.85639,0.279066,-0.954563
1.8649,0.279066,-0.954563
1.87151,0.279066,-0.954563
1.89796,0.279066,-0.954563
1.90663,0.279066,-0.954563
1.89752,0.279066,-0.954563
1.88653,0.279066,-0.954563
1.89651,0.279066,-0.954563
1.93464,0.279066,-0.954563
1.93357,0.279066,-0.954563
1.92971,0.279066,-0.954563
1.93278,0.279066,-0.954563
1.93216,0.279066,-0.954563
1.93228,0.279066,-0.954563
1.86623,0.365681,-0.956611
1.86941,0.365681,-0.956611
1.86145,0.365681,-0.956611
1.8612,0.365681,-0.956611
1.87209,0.365681,-0.956611
1.84986,0.365681,-0.956611
1.89841,0.365681,-0.956611
1.89264,0.365681,-0.956611
1.89796,0.365681,-0.956611
1.76358,0.499216,-0.949005
1.79439,0.499216,-0.949005
1.81304,0.499216,-0.949005
1.79989,0.499216,-0.949005
1.79771,0.499216,-0.949005
1.81069,0.499216,-0.949005
1.79717,0.598317,-0.945623
1.79795,0.598317,-0.945623
1.79772,0.598317,-0.945623
1.80406,0.598317,-0.945623
1.78924,0.598317,-0.945623
1.79024,0.598317,-0.945623
1.87341,0.467379,-0.955747
1.85614,0.467379,-0.955747
1.85947,0.467379,-0.955747
1.86263,0.467379,-0.955747
1.89269,0.467379,-0.955747
1.90307,0.467379,-0.955747
1.8847,0.467379,-0.955747
1.89475,0.467379,-0.955747
1.86562,0.548148,-0.954787
1.8616,0.548148,-0.954787
1.85914,0.548148,-0.954787
1.86081,0.548148,-0.954787
1.85465,0.548148,-0.954787
1.89684,0.548148,-0.954787
1.89103,0.548148,-0.954787
1.8928,0.548148,-0.954787
1.88927,0.548148,-0.954787
1.89751,0.404459,-0.953
1.90475,0.404459,-0.953
1.93752,0.404459,-0.953
1.92239,0.404459,-0.953
1.93435,0.404459,-0.953
1.93035,0.404459,-0.953
1.93321,0.404459,-0.953
1.93241,0.404459,-0.953
2.07587,0.269338,-0.785108
2.07916,0.269338,-0.785108
2.07767,0.269338,-0.785108
2.07418,0.269338,-0.785108
2.07054,0.269338,-0.785108
2.11804,0.269338,-0.785108
2.12321,0.269338,-0.785108
2.12264,0.269338,-0.785108
2.11447,0.269338,-0.785108
2.12752,0.269338,-0.785108
2.12553,0.269338,-0.785108
2.12153,0.269338,-0.785108
2.10719,0.269338,-0.785108
2.11307,0.269338,-0.785108
2.11692,0.269338,-0.785108
2.11045,0.269338,-0.785108
2.04122,0.450922,-0.790785
2.0376,0.450922,-0.790785
2.03111,0.450922,-0.790785
2.03263,0.450922,-0.790785
2.03126,0.450922,-0.790785
2.03333,0.450922,-0.790785
2.07594,0.450922,-0.790785
2.06464,0.450922,-0.790785
2.07703,0.450922,-0.790785
1.92785,0.533012,-0.948186
1.92561,0.533012,-0.948186
1.9216,0.533012,-0.948186
1.93042,0.533012,-0.948186
1.92523,0.533012,-0.948186
1.92507,0.533012,-0.948186
1.87211,0.625722,-0.953754
1.85717,0.625722,-0.953754
1.85734,0.625722,-0.953754
1.89584,0.625722,-0.953754
1.89711,0.625722,-0.953754
1.90415,0.625722,-0.953754
1.88303,0.625722,-0.953754
1.94105,0.625722,-0.953754
1.91998,0.625722,-0.953754
1.92104,0.625722,-0.953754
2.07001,0.437988,-0.78362
2.0802,0.437988,-0.78362
2.07013,0.437988,-0.78362
2.07631,0.437988,-0.78362
2.07539,0.437988,-0.78362
2.11305,0.437988,-0.78362
2.1026,0.437988,-0.78362
2.11405,0.437988,-0.78362
2.11063,0.437988,-0.78362
2.11072,0.437988,-0.78362
2.16035,-0.108605,-0.781345
2.16811,-0.108605,-0.781345
2.17291,-0.108605,-0.781345
2.16631,-0.108605,-0.781345
2.16516,-0.108605,-0.781345
2.16291,-0.108605,-0.781345
2.40079,0.0211952,-0.589955
2.40511,0.0211952,-0.589955
2.39569,0.0211952,-0.589955
2.39869,0.0211952,-0.589955
2.40538,0.0211952,-0.589955
2.39639,0.0211952,-0.589955
2.39692,0.0211952,-0.589955
2.39919,0.0211952,-0.589955
2.40129,0.0211952,-0.589955
2.41288,0.191799,-0.591921
2.40978,0.191799,-0.591921
2.41229,0.191799,-0.591921
2.40882,0.191799,-0.591921
2.40711,0.191799,-0.591921
2.40136,0.191799,-0.591921
2.40122,0.191799,-0.591921
2.08592,0.501566,-0.783208
2.12616,0.501566,-0.783208
2.11767,0.501566,-0.783208
2.11631,0.501566,-0.783208
2.12479,0.501566,-0.783208
2.15881,0.501566,-0.783208
2.1614,0.501566,-0.783208
2.16472,0.501566,-0.783208
2.17058,0.501566,-0.783208
2.15255,0.501566,-0.783208
2.11673,0.623133,-0.783272
2.11305,0.623133,-0.783272
2.12365,0.623133,-0.783272
2.11511,0.623133,-0.783272
2.11183,0.623133,-0.783272
2.11465,0.623133,-0.783272
2.13603,0.623133,-0.783272
2.11701,0.623133,-0.783272
2.10857,0.623133,-0.783272
2.16716,0.623133,-0.783272
2.17064,0.623133,-0.783272
2.16305,0.623133,-0.783272
2.15711,0.623133,-0.783272
2.35765,0.603249,-0.596991
2.35686,0.603249,-0.596991
2.34835,0.603249,-0.596991
2.34626,0.603249,-0.596991
2.33181,0.603249,-0.596991
2.34244,0.603249,-0.596991
2.33512,0.603249,-0.596991
2.32113,0.603249,-0.596991
2.40598,0.517943,-0.591694
2.40683,0.517943,-0.591694
2.41603,0.517943,-0.591694
2.4231,0.517943,-0.591694
2.39874,0.517943,-0.591694
2.39787,0.517943,-0.591694
2.3987,0.517943,-0.591694
1.6364,1.40513,-2.0141
1.63533,1.40513,-2.0141
1.63408,1.40513,-2.0141
1.66598,1.40513,-2.0141
1.65839,1.40513,-2.0141
1.66501,1.40513,-2.0141
1.6407,1.52413,-2.01463
1.63457,1.52413,-2.01463
1.62829,1.52413,-2.01463
1.66928,1.52413,-2.01463
1.66157,1.52413,-2.01463
1.66346,1.52413,-2.01463
1.86261,1.8094,-2.18526
1.8613,1.8094,-2.18526
1.86138,1.8094,-2.18526
1.89733,1.8094,-2.18526
1.89482,1.8094,-2.18526
1.89698,1.8094,-2.18526
1.12347,1.00784,-1.65833
1.12156,1.00784,-1.65833
1.13657,1.00784,-1.65833
1.1477,1.00784,-1.65833
1.14622,1.00784,-1.65833
1.1677,1.00784,-1.65833
1.16327,1.00784,-1.65833
1.16576,1.00784,-1.65833
1.18216,1.00784,-1.65833
1.18546,1.00784,-1.65833
1.18402,1.00784,-1.65833
1.18956,1.00784,-1.65833
0.987282,0.647175,-1.47727
0.98774,0.647175,-1.47727
1.00511,0.647175,-1.47727
1.00469,0.647175,-1.47727
1.00899,0.647175,-1.47727
1.00531,0.647175,-1.47727
1.02311,0.647175,-1.47727
1.02162,0.647175,-1.47727
1.05141,0.647175,-1.47727
0.960787,0.768133,-1.41993
0.966173,0.768133,-1.41993
0.958977,0.768133,-1.41993
0.938986,0.768133,-1.41993
0.94078,0.768133,-1.41993
0.933664,0.768133,-1.41993
1.00454,0.685817,-1.47745
1.02495,0.685817,-1.47745
1.02516,0.685817,-1.47745
1.04007,0.685817,-1.47745
1.03678,0.685817,-1.47745
1.04897,0.685817,-1.47745
1.05971,0.685817,-1.47745
1.05796,0.685817,-1.47745
1.08293,0.685817,-1.47745
1.08796,0.685817,-1.47745
1.07644,0.685817,-1.47745
1.08039,0.685817,-1.47745
0.95814,0.749087,-1.25078
0.932099,0.749087,-1.25078
0.93206,0.749087,-1.25078
0.928766,0.749087,-1.25078
0.928218,0.749087,-1.25078
0.927274,0.749087,-1.25078
0.961108,0.749087,-1.25078
1.08845,0.679345,-1.47435
1.10257,0.679345,-1.47435
1.10335,0.679345,-1.47435
1.11846,0.679345,-1.47435
1.11844,0.679345,-1.47435
1.12701,0.679345,-1.47435
1.13402,0.679345,-1.47435
1.14979,0.679345,-1.47435
1.13557,0.679345,-1.47435
1.15753,0.679345,-1.47435
1.17342,0.679345,-1.47435
1.266,0.648407,-1.2828
1.25872,0.648407,-1.2828
1.30085,0.648407,-1.2828
1.29968,0.648407,-1.2828
1.30104,0.648407,-1.2828
1.29634,0.648407,-1.2828
1.3226,0.648407,-1.2828
1.32593,0.648407,-1.2828
1.12879,1.09438,-1.65908
1.12499,1.09438,-1.65908
1.12097,1.09438,-1.65908
1.12468,1.09438,-1.65908
1.15152,1.09438,-1.65908
1.14388,1.09438,-1.65908
1.14448,1.09438,-1.65908
1.14932,1.09438,-1.65908
1.14236,1.09438,-1.65908
1.16661,1.09438,-1.65908
1.16433,1.09438,-1.65908
1.1654,1.09438,-1.65908
1.16091,1.09438,-1.65908
1.17975,1.09438,-1.65908
1.18198,1.09438,-1.65908
1.18246,1.09438,-1.65908
1.21691,1.09438,-1.65908
1.12632,1.19879,-1.65584
1.12117,1.19879,-1.65584
1.123,1.19879,-1.65584
1.12186,1.19879,-1.65584
1.12012,1.19879,-1.65584
1.14689,1.19879,-1.65584
1.14356,1.19879,-1.65584
1.14251,1.19879,-1.65584
1.14369,1.19879,-1.65584
1.16238,1.19879,-1.65584
1.16197,1.19879,-1.65584
1.17892,1.19879,-1.65584
1.12277,1.37825,-1.65326
1.12122,1.37825,-1.65326
1.12042,1.37825,-1.65326
1.12036,1.37825,-1.65326
1.14026,1.37825,-1.65326
1.14096,1.37825,-1.65326
1.14103,1.37825,-1.65326
1.16021,1.37825,-1.65326
1.16133,1.37825,-1.65326
1.30533,0.693289,-1.28146
1.33019,0.693289,-1.28146
1.31791,0.693289,-1.28146
1.33737,0.693289,-1.28146
1.33896,0.693289,-1.28146
1.33392,0.693289,-1.28146
1.33738,0.693289,-1.28146
1.36891,0.693289,-1.28146
1.36463,0.693289,-1.28146
1.36363,0.693289,-1.28146
1.36927,0.693289,-1.28146
1.39182,0.693289,-1.28146
1.38121,0.693289,-1.28146
1.40547,0.685634,-1.27942
1.40166,0.685634,-1.27942
1.41084,0.685634,-1.27942
1.43316,0.685634,-1.27942
1.43785,0.685634,-1.27942
1.43545,0.685634,-1.27942
1.45152,0.685634,-1.27942
1.45846,0.685634,-1.27942
1.45335,0.685634,-1.27942
1.45718,0.685634,-1.27942
1.48815,0.685634,-1.27942
1.48672,0.685634,-1.27942
1.4781,0.685634,-1.27942
1.47573,0.685634,-1.27942
1.48026,0.685634,-1.27942
1.48043,0.685634,-1.27942
1.57209,0.689114,-1.10668
1.57002,0.689114,-1.10668
1.56692,0.689114,-1.10668
1.56342,0.689114,-1.10668
1.59998,0.689114,-1.10668
1.58756,0.689114,-1.10668
1.59884,0.689114,-1.10668
1.59996,0.689114,-1.10668
1.59712,0.689114,-1.10668
1.62412,0.678236,-1.10307
1.63498,0.678236,-1.10307
1.62396,0.678236,-1.10307
1.61826,0.678236,-1.10307
1.63012,0.678236,-1.10307
1.64573,0.678236,-1.10307
1.64803,0.678236,-1.10307
1.65405,0.678236,-1.10307
1.64902,0.678236,-1.10307
1.6516,0.678236,-1.10307
1.68152,0.678236,-1.10307
1.67368,0.678236,-1.10307
1.67279,0.678236,-1.10307
1.38097,1.18347,-1.82977
1.38167,1.18347,-1.82977
1.412,1.18347,-1.82977
1.41173,1.18347,-1.82977
1.41237,1.18347,-1.82977
1.42332,1.18347,-1.82977
1.42523,1.18347,-1.82977
1.42373,1.18347,-1.82977
1.37134,1.37814,-1.83014
1.35744,1.37814,-1.83014
1.35733,1.37814,-1.83014
1.35557,1.37814,-1.83014
1.38489,1.37814,-1.83014
1.40281,1.37814,-1.83014
1.40281,1.37814,-1.83014
1.42709,1.37814,-1.83014
1.42931,1.37814,-1.83014
1.43652,1.37814,-1.83014
0.955033,0.736068,-0.720138
0.947481,0.736068,-0.720138
0.949425,0.736068,-0.720138
0.950289,0.736068,-0.720138
0.9634,0.736068,-0.720138
0.96544,0.736068,-0.720138
0.951112,0.736068,-0.720138
0.929213,0.749232,-0.569279
0.924688,0.749232,-0.569279
0.922886,0.749232,-0.569279
0.932814,0.749232,-0.569279
0.928558,0.749232,-0.569279
0.916995,0.749232,-0.569279
0.926973,0.749232,-0.569279
0.931417,0.749232,-0.569279
0.947257,0.749232,-0.569279
0.956612,0.749232,-0.569279
0.967902,0.749232,-0.569279
0.930154,0.830611,-0.567207
0.921774,0.830611,-0.567207
0.931463,0.830611,-0.567207
0.935792,0.830611,-0.567207
0.95547,0.830611,-0.567207
0.947535,0.830611,-0.567207
0.950732,0.830611,-0.567207
0.941016,0.830611,-0.567207
0.971745,0.830611,-0.567207
0.973916,0.830611,-0.567207
0.97591,0.830611,-0.567207
0.97369,0.830611,-0.567207
0.964,0.830611,-0.567207
1.0954,1.6547,-1.64309
1.08723,1.6547,-1.64309
1.09131,1.6547,-1.64309
1.11972,1.6547,-1.64309
1.11724,1.6547,-1.64309
1.11168,1.6547,-1.64309
1.09555,1.75071,-1.64139
1.08858,1.75071,-1.64139
1.09196,1.75071,-1.64139
1.0879,1.75071,-1.64139
1.11757,1.75071,-1.64139
1.11374,1.75071,-1.64139
1.113,1.75071,-1.64139
1.13653,1.70503,-1.64179
1.13719,1.70503,-1.64179
1.15245,1.70503,-1.64179
1.1531,1.70503,-1.64179
1.15098,1.70503,-1.64179
1.17638,1.70503,-1.64179
1.17436,1.70503,-1.64179
1.16358,1.70503,-1.64179
1.08908,1.84438,-1.64025
1.08962,1.84438,-1.64025
1.11328,1.84438,-1.64025
1.11012,1.84438,-1.64025
1.11314,1.84438,-1.64025
1.13396,1.84438,-1.64025
1.13354,1.84438,-1.64025
1.15056,1.84438,-1.64025
1.15093,1.84438,-1.64025
1.17323,1.84438,-1.64025
1.17021,1.84438,-1.64025
1.09877,1.91742,-1.64227
1.11312,1.91742,-1.64227
1.13049,1.91742,-1.64227
1.13484,1.91742,-1.64227
1.12898,1.91742,-1.64227
1.15147,1.91742,-1.64227
1.14733,1.91742,-1.64227
1.10928,1.98992,-1.63926
1.11011,1.98992,-1.63926
1.13434,1.98992,-1.63926
1.12693,1.98992,-1.63926
1.1578,1.98992,-1.63926
1.1508,1.98992,-1.63926
1.35906,1.43762,-1.82672
1.3822,1.43762,-1.82672
1.38388,1.43762,-1.82672
1.37687,1.43762,-1.82672
1.40518,1.43762,-1.82672
1.4048,1.43762,-1.82672
1.39617,1.43762,-1.82672
1.4254,1.43762,-1.82672
1.42345,1.43762,-1.82672
1.35988,1.51039,-1.82891
1.38165,1.51039,-1.82891
1.37831,1.51039,-1.82891
1.41153,1.51039,-1.82891
1.40407,1.51039,-1.82891
1.40195,1.51039,-1.82891
1.42593,1.51039,-1.82891
1.4287,1.51039,-1.82891
1.42972,1.51039,-1.82891
1.36214,1.60957,-1.8297
1.38723,1.60957,-1.8297
1.3809,1.60957,-1.8297
1.38166,1.60957,-1.8297
1.40164,1.60957,-1.8297
1.40357,1.60957,-1.8297
1.39943,1.60957,-1.8297
1.42702,1.60957,-1.8297
1.43312,1.60957,-1.8297
1.43151,1.60957,-1.8297
1.4302,1.60957,-1.8297
1.32928,1.68832,-1.82328
1.32492,1.68832,-1.82328
1.32818,1.68832,-1.82328
1.35969,1.68832,-1.82328
1.35535,1.68832,-1.82328
1.3546,1.68832,-1.82328
1.38124,1.68832,-1.82328
1.37255,1.68832,-1.82328
1.36894,1.68832,-1.82328
1.39803,1.68832,-1.82328
1.39499,1.68832,-1.82328
1.32845,1.79462,-1.8242
1.3303,1.79462,-1.8242
1.32429,1.79462,-1.8242
1.35086,1.79462,-1.8242
1.35247,1.79462,-1.8242
1.36068,1.79462,-1.8242
1.35177,1.79462,-1.8242
1.3736,1.79462,-1.8242
1.38309,1.79462,-1.8242
1.37143,1.79462,-1.8242
1.37346,1.79462,-1.8242
1.4027,1.79462,-1.8242
1.33148,1.90732,-1.8276
1.33656,1.90732,-1.8276
1.33125,1.90732,-1.8276
1.35581,1.90732,-1.8276
1.35776,1.90732,-1.8276
1.35279,1.90732,-1.8276
1.37841,1.90732,-1.8276
1.37582,1.90732,-1.8276
1.37436,1.90732,-1.8276
1.33056,2.00047,-1.82379
1.33005,2.00047,-1.82379
1.32802,2.00047,-1.82379
1.35336,2.00047,-1.82379
1.3528,2.00047,-1.82379
1.34895,2.00047,-1.82379
1.3749,2.00047,-1.82379
1.37428,2.00047,-1.82379
1.86744,0.698507,-0.954403
1.8612,0.698507,-0.954403
1.85217,0.698507,-0.954403
1.89649,0.698507,-0.954403
1.89876,0.698507,-0.954403
1.88824,0.698507,-0.954403
1.92844,0.698507,-0.954403
0.00359454,-0.592098,0.0200004
-0.000132171,-0.592098,0.0200004
0.0186512,-0.592098,0.0200004
0.0239522,-0.592098,0.0200004
-0.00309654,-0.592098,0.0200004
-0.00482382,-0.592098,0.0200004
-0.00342912,-0.592098,0.0200004
0.00746183,-0.592098,0.0200004
0.0176044,-0.592098,0.0200004
0.0468955,-0.592098,0.0200004
-0.060584,-0.592098,0.0200004
-0.0733226,-0.592098,0.0200004
-0.101063,-0.592098,0.0200004
0.0192684,-0.592098,0.0200004
-0.160299,-0.592098,0.0200004
-0.0332906,-0.592098,0.0200004
-0.118232,-0.592098,0.0200004
-0.140118,-0.592098,0.0200004
-0.00357039,-0.592098,0.0200004
0.149058,-0.585506,-0.0394169
0.147041,-0.585506,-0.0394169
0.128457,-0.585506,-0.0394169
0.131593,-0.585506,-0.0394169
0.174831,-0.585506,-0.0394169
0.136751,-0.585506,-0.0394169
0.141557,-0.585506,-0.0394169
0.00100127,2.01677,0.0286066
-0.00578955,2.01677,0.0286066
0.00429931,2.01677,0.0286066
0.00438002,2.01677,0.0286066
0.00441423,2.01677,0.0286066
-0.00308157,2.01677,0.0286066
2.61658,0.57776,-0.408655
2.63243,0.57776,-0.408655
2.6094,0.57776,-0.408655
2.61899,0.57776,-0.408655
2.62449,0.57776,-0.408655
2.61056,0.57776,-0.408655
2.6003,0.57776,-0.408655
