1.14068,-2.21874,-1.43538
1.19576,-2.3608,-1.44072
1.21603,-2.3019,-1.44372
1.25078,-2.22241,-1.44247
1.37236,-2.24215,-1.44848
1.47958,-2.33185,-1.45485
1.52172,-2.23919,-1.45096
1.10877,-2.11541,-1.4299
1.11298,-2.00715,-1.42839
1.04621,-1.81938,-1.42586
1.09546,-1.90231,-1.42594
1.10121,-1.809,-1.42384
0.964058,-1.42063,-1.41504
1.04796,-1.7147,-1.42833
1.05088,-1.592,-1.42444
1.1039,-1.72362,-1.42626
1.11295,-1.62045,-1.42497
1.01513,-1.50745,-1.42036
1.01623,-1.42976,-1.41959
1.09812,-1.51583,-1.4241
1.08704,-1.40582,-1.419
1.20109,-2.07582,-1.43741
1.2177,-2.00752,-1.4343
1.27868,-2.11874,-1.441
1.32905,-1.99849,-1.44138
1.20607,-1.91577,-1.43199
1.20992,-1.81517,-1.42967
1.31653,-1.80943,-1.4364
1.37372,-2.14243,-1.44553
1.48055,-2.11696,-1.45125
1.5076,-2.0025,-1.44541
1.37109,-1.91199,-1.43904
1.38225,-1.80793,-1.43434
1.48876,-1.90369,-1.4437
1.49016,-1.78645,-1.43994
1.20291,-1.7069,-1.42814
1.21139,-1.60268,-1.42999
1.28755,-1.71645,-1.43438
1.31058,-1.60665,-1.43259
1.24901,-1.53519,-1.42507
1.31621,-1.49487,-1.43418
1.32681,-1.38954,-1.42332
1.37398,-1.71511,-1.43511
1.37019,-1.63497,-1.43423
1.50904,-1.69077,-1.43892
1.45669,-1.61641,-1.44031
1.37687,-1.53976,-1.43157
1.38425,-1.42796,-1.431
1.51129,-1.51758,-1.43594
1.46994,-1.4082,-1.43634
0.144523,-1.90019,-0.111029
0.003803,-1.86955,0.0255049
0.856337,-1.81931,-1.28206
0.872394,-1.67717,-1.28375
0.846519,-1.54659,-1.27303
0.878644,-1.52097,-1.28068
0.943914,-1.30923,-1.41468
0.945938,-1.22483,-1.41241
0.957186,-1.11753,-1.41257
0.951805,-1.02477,-1.4119
1.00503,-1.31768,-1.41428
1.01911,-1.22125,-1.41788
1.08154,-1.3063,-1.41857
1.10207,-1.20849,-1.41871
1.03493,-1.12283,-1.4188
1.00598,-1.02775,-1.41145
1.11941,-1.10801,-1.41947
1.09066,-1.0135,-1.41511
0.945703,-0.896789,-1.40653
0.946973,-0.803228,-1.40706
0.941113,-0.713002,-1.40262
0.956032,-0.589259,-1.40219
0.98806,-0.935497,-1.41027
0.997907,-0.81732,-1.40871
1.07543,-0.922584,-1.41417
1.08498,-0.833718,-1.4121
0.999463,-0.721942,-1.40671
1.01229,-0.626923,-1.4042
1.08527,-0.72243,-1.40967
1.09607,-0.623303,-1.40859
1.19249,-1.29224,-1.4263
1.20647,-1.20359,-1.42478
1.28902,-1.31786,-1.42235
1.31168,-1.21386,-1.43094
1.21985,-1.1084,-1.4232
1.19115,-1.01224,-1.42191
1.30741,-1.11409,-1.42834
1.29126,-1.01746,-1.42513
1.37154,-1.31387,-1.43072
1.37682,-1.218,-1.42973
1.51307,-1.32912,-1.43458
1.49212,-1.21779,-1.43494
1.37467,-1.12454,-1.43061
1.37473,-1.02647,-1.42667
1.48879,-1.10626,-1.43465
1.49773,-1.01239,-1.43241
1.19156,-0.908437,-1.41862
1.17847,-0.811628,-1.41773
1.28296,-0.923007,-1.42364
1.27307,-0.818134,-1.42191
1.18664,-0.719226,-1.41633
1.19641,-0.610912,-1.41313
1.29828,-0.710503,-1.41864
1.30198,-0.614412,-1.41843
1.36098,-0.925309,-1.42678
1.36928,-0.810824,-1.42378
1.49458,-0.920493,-1.43101
1.48911,-0.822549,-1.42833
1.3986,-0.717821,-1.42154
1.39275,-0.628126,-1.42034
1.49964,-0.719702,-1.42376
1.5034,-0.622974,-1.42187
0.953129,-0.51759,-1.39783
0.951817,-0.405946,-1.39522
0.945647,-0.326073,-1.39322
1.02978,-0.528189,-1.40263
0.997939,-0.449561,-1.39845
1.10611,-0.522999,-1.40678
1.10602,-0.436384,-1.40604
0.994565,-0.341677,-1.39653
1.04765,-0.389755,-1.40168
1.20969,-0.511773,-1.41126
1.20056,-0.417836,-1.40776
1.30835,-0.516963,-1.41594
1.3244,-0.42224,-1.41187
1.39234,-0.539028,-1.41765
1.43772,-0.436786,-1.41829
1.49816,-0.523364,-1.41939
1.51295,-0.439681,-1.41339
0.94965,-0.194529,-1.17992
1.01648,-0.193232,-1.18438
1.06075,-0.247852,-1.18894
1.08455,-0.195895,-1.18811
0.997426,-0.259725,-1.18412
0.929153,-0.127326,-1.38701
0.94742,-0.0976464,-1.18217
0.927804,-0.00925856,-1.38421
0.948221,0.00133929,-1.17814
0.925214,0.183355,-1.38074
0.941039,0.172491,-1.17771
0.948011,0.117781,-1.17876
1.0906,-0.0960827,-1.18867
1.07984,0.00944388,-1.18409
1.00699,-0.116454,-1.1811
1.00359,-0.0278524,-1.1796
1.08336,0.0941214,-1.18441
1.0011,0.0715294,-1.17845
1.00187,0.174423,-1.1754
1.0595,0.169479,-1.17769
1.13326,-0.195611,-1.19042
1.12851,-0.261101,-1.19276
1.26599,-0.258128,-0.996478
1.23329,-0.207777,-0.995398
1.32902,-0.27711,-1.00159
1.31964,-0.202003,-0.995581
1.43935,-0.251469,-0.811923
1.43575,-0.177274,-0.812724
1.50812,-0.219749,-0.808293
1.14462,-0.119065,-1.18974
1.14621,-0.0144701,-1.18549
1.24214,-0.0245556,-0.992154
1.26881,-0.117327,-0.99539
1.30848,-0.00412672,-0.992181
1.14161,0.0822031,-1.18436
1.14023,0.175856,-1.18237
1.272,0.0808216,-0.991574
1.29485,0.169081,-0.989623
1.3927,-0.129783,-1.00476
1.39625,-0.0116513,-1.00151
1.35325,0.0743314,-0.993116
1.39705,0.138452,-0.997903
1.32814,-0.08471,-0.992703
1.43352,-0.0764869,-0.809976
1.50813,-0.119588,-0.805918
1.50122,-0.0199868,-0.804862
1.44211,0.0690704,-0.807824
1.44239,0.140812,-0.802651
1.50676,0.0760406,-0.804276
1.50368,0.157847,-0.80347
1.10008,0.392003,-1.3832
1.21411,0.299833,-1.3905
1.18631,0.375093,-1.3875
1.31821,0.306289,-1.39501
1.29177,0.378996,-1.39358
1.22177,0.467189,-1.38687
1.32334,0.45159,-1.39095
1.3022,0.601158,-1.38802
1.37055,0.334636,-1.39626
1.42611,0.368334,-1.40126
1.49827,0.324347,-1.39933
1.48579,0.40058,-1.3976
1.41474,0.461795,-1.39562
1.42139,0.560325,-1.3949
1.48898,0.481877,-1.39681
1.49417,0.56412,-1.39198
1.30737,0.684291,-1.38587
1.41071,0.672915,-1.3935
1.47901,0.719728,-1.38957
1.47466,0.793652,-1.38456
1.41372,0.843404,-1.38879
1.47076,0.878573,-1.38487
1.48782,0.971576,-1.38347
1.48107,1.0746,-1.37747
1.55507,1.19094,-1.38468
0.602709,1.33487,-0.659176
0.543939,1.39684,-0.51842
0.645152,1.38414,-0.527311
0.402072,1.69524,-0.571805
0.454069,1.73732,-0.577048
0.48701,1.69206,-0.584013
0.502862,1.80083,-0.584358
0.594383,1.54838,-0.524667
0.554362,1.82677,-0.583259
0.705024,1.69884,-0.495278
0.933248,0.260162,-1.37648
0.939364,0.373726,-1.3756
0.939117,0.494024,-1.37039
0.935901,0.602996,-1.36653
1.00582,0.301823,-1.37977
1.0023,0.405377,-1.37614
1.09523,0.308592,-1.38472
1.00686,0.48563,-1.37406
1.02236,0.583163,-1.37274
1.07772,0.479941,-1.3774
1.10873,0.591298,-1.37796
0.937702,0.706057,-1.3649
0.930058,0.797175,-1.36246
0.925049,0.899899,-1.35937
0.92578,0.989288,-1.35545
1.00131,0.675636,-1.36929
1.00391,0.780151,-1.367
1.07976,0.685795,-1.37252
1.08751,0.783935,-1.37081
0.984845,0.877996,-1.36339
1.0039,0.983864,-1.3606
1.06954,0.883067,-1.36717
1.09687,0.969449,-1.3644
1.15567,0.49131,-1.38393
1.1907,0.586437,-1.38133
1.30704,0.529376,-1.3883
1.17863,0.685101,-1.37709
1.1845,0.77136,-1.37634
1.30913,0.780947,-1.38263
1.17387,0.867852,-1.37223
1.19002,0.980318,-1.37035
1.27966,0.883539,-1.38035
1.28465,0.983839,-1.37488
1.41055,0.776379,-1.38725
1.47575,0.645019,-1.38967
1.52942,0.777619,-1.39171
1.37656,0.902764,-1.38319
1.38996,0.993225,-1.38102
0.927437,1.08347,-1.35389
0.929088,1.16934,-1.35087
0.933938,1.26201,-1.35027
0.931943,1.33754,-1.34681
1.00888,1.07692,-1.35759
1.02163,1.17848,-1.35713
1.09699,1.08572,-1.36374
1.0949,1.20333,-1.35953
1.01567,1.27318,-1.354
1.00668,1.36447,-1.35128
1.08737,1.28514,-1.35549
1.09671,1.37778,-1.35516
0.904728,1.44566,-1.33234
0.936129,1.59795,-1.33405
1.02654,1.45773,-1.34571
1.11152,1.47897,-1.35427
1.10927,1.58147,-1.34593
1.04444,1.681,-1.33372
1.11246,1.77058,-1.34545
0.903998,1.47582,-0.668329
1.20095,1.08118,-1.36778
1.17285,1.17492,-1.36343
1.30201,1.08036,-1.37258
1.2883,1.18191,-1.36934
1.17741,1.28671,-1.36098
1.19295,1.37698,-1.36074
1.28717,1.27858,-1.36823
1.29538,1.37853,-1.36494
1.40596,1.07804,-1.3798
1.40097,1.18781,-1.37688
1.47087,1.18521,-1.37609
1.39349,1.29767,-1.37466
1.41422,1.39053,-1.37055
1.46086,1.28098,-1.37339
1.47137,1.35636,-1.37071
1.19182,1.47808,-1.35606
1.20129,1.5746,-1.35364
1.30113,1.48128,-1.36162
1.32,1.5911,-1.35913
1.20007,1.66535,-1.35016
1.23234,1.75644,-1.34766
1.29208,1.68498,-1.35391
1.30828,1.79044,-1.35174
1.40944,1.47702,-1.36907
1.41357,1.59359,-1.36298
1.51327,1.45772,-1.37375
1.47957,1.54092,-1.36693
1.38909,1.70388,-1.36188
1.43643,1.79421,-1.35663
1.46675,1.67364,-1.36149
1.53411,1.79847,-1.36711
0.528708,1.88916,-0.584585
0.606238,1.86033,-0.579339
0.608278,1.94617,-0.581689
0.634848,2.00949,-0.581468
0.661343,2.05418,-0.584383
0.398461,2.50404,-0.274593
0.504728,2.4945,-0.286075
0.416121,2.60777,-0.08924
0.428715,2.78492,-0.268603
0.764356,2.79652,-0.565622
0.417656,2.68809,-0.0748424
0.467484,2.74871,-0.0760908
0.897795,2.0968,-1.3165
0.90067,2.18846,-1.31507
1.14409,1.86354,-1.34008
1.15616,1.9408,-1.33584
0.997207,2.0818,-1.32545
1.00174,2.1847,-1.32519
1.0536,2.10572,-1.32245
1.09948,2.21123,-1.32954
0.996398,2.2828,-1.31622
0.996032,2.36034,-1.31424
1.12933,2.30418,-1.32598
1.11043,2.39027,-1.32265
1.00397,2.43808,-1.31302
1.02029,2.52984,-1.30708
1.11839,2.48479,-1.31909
1.10751,2.58037,-1.3171
0.873221,2.48465,-0.579373
1.39149,1.87716,-1.3534
1.42327,1.95674,-1.35177
1.53796,1.8934,-1.36257
1.5278,1.98926,-1.35764
1.43274,2.04672,-1.34829
1.38959,2.17532,-1.35005
1.20608,2.37688,-1.32489
1.1943,2.44934,-1.32493
1.19834,2.57434,-1.32151
1.259,2.52113,-1.324
1.37732,2.27918,-1.34393
1.43877,2.34673,-1.33904
1.52347,2.55191,-1.34257
0.787666,2.18409,-0.564806
1.12763,2.80698,-1.31015
0.823078,3.19723,-1.19239
1.21651,2.79329,-1.31735
1.22213,2.92979,-1.30884
1.39312,2.77619,-1.32802
1.40719,2.84634,-1.32367
1.37197,2.91775,-1.31541
1.23873,3.06464,-1.30762
0.826207,2.76381,-0.572731
0.786218,2.88317,-0.121058
0.959732,3.38568,-0.528739
2.18681,-2.23508,-1.47149
1.58564,-2.08092,-1.44797
1.63994,-2.01865,-1.45508
1.69534,-2.11825,-1.4571
1.70424,-2.02493,-1.45209
1.63537,-1.90002,-1.45075
1.55539,-1.83618,-1.44367
1.70681,-1.94428,-1.45016
1.69214,-1.8223,-1.45003
1.92246,-2.0155,-1.45986
1.92711,-1.8879,-1.4561
1.62657,-1.70786,-1.44845
1.72139,-1.70221,-1.44785
1.68968,-1.59127,-1.44622
1.66345,-1.48019,-1.44312
1.71771,-1.42482,-1.44448
1.82444,-1.60776,-1.45589
1.90613,-1.72666,-1.45262
1.90989,-1.61642,-1.4493
1.8337,-1.4895,-1.45218
1.91932,-1.51161,-1.45011
1.89814,-1.39492,-1.44655
2.13431,-2.03096,-1.46812
2.08845,-1.85292,-1.46489
2.0221,-1.60195,-1.46194
2.08468,-1.68334,-1.46072
2.04206,-1.50451,-1.46134
2.11846,-1.55649,-1.45673
2.06907,-1.40701,-1.45405
2.29922,-1.68826,-1.47592
1.64105,-1.32715,-1.44474
1.61036,-1.23572,-1.44078
1.71906,-1.31877,-1.44195
1.67519,-1.20942,-1.43758
1.60199,-1.13701,-1.43924
1.61592,-1.01138,-1.43665
1.6932,-1.1037,-1.43529
1.69571,-1.01026,-1.43426
1.80281,-1.3114,-1.44913
1.81156,-1.20918,-1.44301
1.90525,-1.28872,-1.44677
1.92649,-1.17364,-1.43883
1.82836,-1.13289,-1.44173
1.80509,-1.0679,-1.44215
1.88404,-1.13616,-1.4397
1.88987,-1.03174,-1.43818
1.61892,-0.90856,-1.43247
1.60718,-0.806647,-1.43325
1.69924,-0.919638,-1.43108
1.69751,-0.824996,-1.4296
1.62541,-0.712411,-1.43321
1.61345,-0.619739,-1.43097
1.70502,-0.739771,-1.43195
1.69932,-0.624847,-1.4297
1.78746,-0.946755,-1.43874
1.80994,-0.816079,-1.43732
1.86029,-0.941043,-1.43374
1.90263,-0.842385,-1.43222
1.80633,-0.700443,-1.43878
1.78494,-0.60867,-1.43633
1.90364,-0.713358,-1.43506
1.8687,-0.605629,-1.43465
2.01905,-1.32938,-1.45787
2.08353,-1.30841,-1.45282
2.12268,-1.23386,-1.45203
2.03718,-1.12061,-1.45166
1.99667,-0.993389,-1.44685
2.12342,-1.12358,-1.45
2.268,-1.1978,-1.46638
2.15393,-1.01313,-1.44727
2.3068,-1.00521,-1.46042
2.00395,-0.896398,-1.44674
2.06604,-0.890307,-1.44522
2.12582,-0.833741,-1.44499
2.00321,-0.722457,-1.44534
1.9813,-0.611958,-1.44281
2.09885,-0.686867,-1.43877
2.14935,-0.91505,-1.44582
2.24271,-0.667576,-1.44974
2.32547,-0.610268,-1.44769
1.60681,-0.518104,-1.42995
1.69777,-0.527884,-1.42756
1.66719,-0.472613,-1.42556
1.82362,-0.522322,-1.4325
1.78675,-0.480437,-1.43268
1.91126,-0.515205,-1.42997
2.00373,-0.529947,-1.44341
2.05827,-0.522127,-1.43533
2.13224,-0.525924,-1.43411
2.27935,-0.535392,-1.44779
2.3582,-1.1844,-1.4624
2.38975,-0.860606,-1.45758
2.37548,-0.661733,-1.45104
2.60441,-0.887313,-1.46973
2.41127,-0.551502,-1.45223
1.60597,-0.213366,-0.816471
1.67277,-0.249328,-0.817752
1.74417,-0.250326,-0.820226
1.61749,-0.121865,-0.815365
1.60917,-0.0327049,-0.813676
1.70205,-0.134113,-0.816663
1.68741,-0.00979028,-0.81339
1.59904,0.0696873,-0.810225
1.60838,0.169396,-0.811751
1.71596,0.0864312,-0.81291
1.70981,0.172117,-0.812257
1.75611,-0.107737,-0.817147
1.83476,0.146251,-0.831329
1.57254,0.33718,-1.41021
1.58745,0.410449,-1.40739
1.66961,0.389006,-1.40563
1.61886,0.486284,-1.40425
1.59343,0.557682,-1.40246
1.72376,0.486362,-1.41152
1.67147,0.57943,-1.40066
1.76191,0.366903,-1.41702
1.81751,0.381829,-1.41236
1.88373,0.366096,-1.41034
1.80325,0.474774,-1.41035
1.7895,0.581441,-1.40781
1.88012,0.481791,-1.40961
1.58588,0.644856,-1.40046
1.60158,0.796192,-1.39546
1.66518,0.679625,-1.39746
1.74846,0.739908,-1.40459
1.57743,0.888516,-1.39441
1.60215,1.00651,-1.39024
1.74965,0.810348,-1.4013
1.77186,0.674172,-1.40526
1.80424,0.771525,-1.39839
1.86492,0.666222,-1.40253
1.86508,0.782288,-1.3994
1.75981,0.88493,-1.39814
1.80676,0.95578,-1.39533
1.94289,0.889667,-1.40493
1.94075,1.00998,-1.40364
1.98745,0.398464,-1.42353
2.11017,0.396028,-1.41898
1.97968,0.497097,-1.41921
1.99719,0.584722,-1.41448
2.08695,0.488773,-1.41514
2.06753,0.609529,-1.40946
2.27559,0.442306,-1.42523
2.20762,0.491082,-1.42666
2.20745,0.58788,-1.42327
2.30632,0.634504,-1.42291
1.99694,0.691393,-1.41118
2.00251,0.779912,-1.4086
2.10323,0.643759,-1.40844
1.99172,0.895905,-1.40535
2.02606,1.01928,-1.40015
2.07284,0.845098,-1.40529
2.07786,0.958937,-1.40401
2.234,0.924447,-1.41541
1.73701,1.08737,-1.39299
1.73476,1.21011,-1.39337
1.72591,1.2872,-1.38791
1.84247,1.11741,-1.38917
1.77033,1.17154,-1.39146
1.94271,1.17026,-1.40016
1.78105,1.30436,-1.38509
1.9319,1.32076,-1.39551
1.94776,1.40785,-1.39258
2.01841,1.09684,-1.39767
2.02601,1.17109,-1.39734
2.0128,1.27002,-1.39494
2.03257,1.3777,-1.391
2.0753,1.27645,-1.39673
2.20424,1.09213,-1.41212
2.30409,1.21154,-1.40837
1.98764,1.49257,-1.38999
2.20643,1.50565,-1.40178
2.17074,1.66189,-1.39916
2.61037,0.553447,-1.43752
2.49248,0.714763,-1.4354
1.58017,0.713785,-1.40084
1.66493,0.773729,-1.39565
1.66297,0.868888,-1.39197
1.64881,0.954326,-1.38972
1.82543,0.884554,-1.39404
1.7858,1.01777,-1.39063
1.86958,0.875952,-1.39435
1.87485,1.009,-1.39146
1.5727,1.07995,-1.38699
1.6314,1.23678,-1.38155
1.671,1.04923,-1.38309
1.63962,1.14794,-1.3845
1.60526,1.31457,-1.37952
1.56626,1.38946,-1.37832
1.71592,1.39263,-1.38326
1.82952,1.20571,-1.39007
1.81954,1.42333,-1.38025
1.85254,1.29085,-1.38517
1.5841,1.49519,-1.37318
1.57913,1.60057,-1.36982
1.71617,1.52063,-1.37991
1.60186,1.69768,-1.36541
1.60512,1.78923,-1.36406
1.70555,1.78426,-1.36942
1.77732,1.49151,-1.37712
1.78678,1.61357,-1.37468
1.76315,1.73096,-1.37088
1.83149,1.76097,-1.36913
1.98401,1.60448,-1.38614
2.03241,1.68759,-1.38508
1.95988,1.76548,-1.38106
2.15118,2.03988,-1.38951
1.61914,1.88686,-1.36044
1.58786,2.02085,-1.35676
1.71862,1.95431,-1.36626
1.60156,2.09788,-1.35363
1.57405,2.18113,-1.35335
1.79839,1.8795,-1.3673
1.82615,2.00491,-1.36469
1.91074,1.90765,-1.37819
1.58489,2.28819,-1.34957
1.75989,2.27156,-1.35755
1.59626,2.52395,-1.34259
1.74382,2.46515,-1.35308
1.91104,2.51571,-1.36268
1.99079,1.90156,-1.3771
2.03689,2.08383,-1.37518
2.12818,2.68332,-1.3671
1.98483,3.21655,-1.33081
